1308812993.499	-0.517578125	0.140625	0.076171875
1308812993.508	-0.505859375	0.154296875	-0.025390625
1308812993.518	-0.548828125	0.1328125	-0.060546875
1308812993.529	-0.533203125	0.05859375	0.06640625
1308812993.538	-0.552734375	0.087890625	0.060546875
1308812993.548	-0.53125	0.13671875	0.005859375
1308812993.558	-0.55859375	0.115234375	-0.048828125
1308812993.568	-0.580078125	0.2109375	0.09375
1308812993.578	-2.197265625	3.525390625	1.03125
1308812993.588	-5.3203125	0.185546875	0.322265625
1308812993.598	-0.052734375	0.16015625	-0.017578125
1308812993.608	-1.166015625	0.798828125	0.505859375
1308812993.618	-0.94140625	0.52734375	-0.57421875
1308812993.628	0.404296875	-0.197265625	-0.5625
1308812993.638	-0.765625	0.291015625	-0.1171875
1308812993.649	-0.091796875	0.396484375	0.357421875
1308812993.658	-0.376953125	-0.181640625	-0.037109375
1308812993.668	-0.548828125	0.029296875	-0.16796875
1308812993.678	-0.41015625	-0.052734375	-0.068359375
1308812993.688	-0.51953125	0.2109375	0.02734375
1308812993.698	-0.611328125	0.205078125	0.322265625
1308812993.709	-0.625	0.572265625	0.001953125
1308812993.718	-1.146484375	0.455078125	0.044921875
1308812993.728	-1.375	0.1171875	0.001953125
1308812993.738	-1.412109375	0.251953125	0.0234375
1308812993.748	-0.751953125	0.240234375	0.07421875
1308812993.758	-0.65234375	0.228515625	-0.03125
1308812993.769	-0.3515625	0.146484375	-0.017578125
1308812993.778	-0.51171875	0.259765625	-0.04296875
1308812993.787	-0.6875	0.203125	0.134765625
1308812993.798	-0.662109375	0.21484375	0.064453125
1308812993.808	-0.865234375	0.234375	0.0625
1308812993.818	-0.888671875	0.244140625	0.056640625
1308812993.829	-0.779296875	0.208984375	0.037109375
1308812993.838	-0.73828125	0.23046875	0.029296875
1308812993.848	-0.712890625	0.201171875	0.025390625
1308812993.858	-0.72265625	0.208984375	0.01953125
1308812993.868	-0.76171875	0.232421875	0.021484375
1308812993.878	-0.744140625	0.212890625	0.0234375
1308812993.889	-0.7265625	0.22265625	0.033203125
1308812993.898	-0.703125	0.201171875	0.0234375
1308812993.908	-0.7578125	0.21875	0.03515625
1308812993.918	-0.748046875	0.216796875	0.041015625
1308812993.928	-0.70703125	0.220703125	0.017578125
1308812993.938	-0.72265625	0.203125	0.048828125
1308812993.949	-0.76953125	0.2265625	0.017578125
1308812993.958	-0.755859375	0.19921875	0.033203125
1308812993.968	-0.703125	0.2265625	0.02734375
1308812993.978	-0.716796875	0.2265625	0.044921875
1308812993.988	-0.751953125	0.236328125	0.041015625
1308812993.998	-0.744140625	0.21484375	0.03125
1308812994.009	-0.72265625	0.232421875	0.0390625
1308812994.018	-0.748046875	0.22265625	0.025390625
1308812994.030	-0.740234375	0.232421875	0.046875
1308812994.037	-0.71484375	0.21875	0.0234375
1308812994.048	-0.716796875	0.2109375	0.041015625
1308812994.058	-0.7734375	0.21875	0.048828125
1308812994.068	-0.732421875	0.21484375	0.044921875
1308812994.078	-0.72265625	0.2109375	0.041015625
1308812994.088	-0.72265625	0.220703125	0.033203125
1308812994.098	-0.73046875	0.216796875	0.03125
1308812994.108	-0.720703125	0.208984375	0.033203125
1308812994.118	-0.740234375	0.23046875	0.04296875
1308812994.129	-0.767578125	0.228515625	0.029296875
1308812994.137	-0.75	0.220703125	0.048828125
1308812994.148	-0.720703125	0.236328125	0.052734375
1308812994.158	-0.77734375	0.23828125	0.025390625
1308812994.168	-0.767578125	0.25	0.046875
1308812994.178	-0.78515625	0.275390625	0.05859375
1308812994.189	-0.8125	0.33984375	0.037109375
1308812994.198	-0.85546875	0.4375	-0.04296875
1308812994.208	-0.873046875	0.357421875	-0.01953125
1308812994.218	-0.923828125	0.32421875	0.044921875
1308812994.228	-0.9375	0.30078125	-0.005859375
1308812994.238	-0.92578125	0.259765625	-0.021484375
1308812994.248	-0.90234375	0.2578125	0.06640625
1308812994.258	-0.85546875	0.189453125	0.140625
1308812994.268	-0.84765625	0.228515625	0.140625
1308812994.278	-0.810546875	0.2265625	0.11328125
1308812994.288	-0.796875	0.21484375	0.09765625
1308812994.298	-0.802734375	0.24609375	0.091796875
1308812994.309	-0.6328125	0.224609375	-0.01171875
1308812994.318	-0.71484375	0.240234375	0.00390625
1308812994.330	-0.68359375	0.240234375	0.025390625
1308812994.337	-0.65625	0.216796875	0.013671875
1308812994.350	-0.64453125	0.244140625	0.013671875
1308812994.357	-0.630859375	0.216796875	0.0390625
1308812994.369	-0.6484375	0.201171875	0.044921875
1308812994.378	-0.63671875	0.22265625	0.041015625
1308812994.387	-0.64453125	0.24609375	0.037109375
1308812994.398	-0.638671875	0.248046875	0.005859375
1308812994.408	-0.65625	0.25	0.0234375
1308812994.418	-0.646484375	0.23828125	0.025390625
1308812994.429	-0.634765625	0.208984375	0.03515625
1308812994.438	-0.6328125	0.201171875	0.048828125
1308812994.448	-0.630859375	0.2109375	0.072265625
1308812994.458	-0.646484375	0.2109375	0.083984375
1308812994.468	-0.650390625	0.23828125	0.08203125
1308812994.478	-0.6953125	0.23828125	0.083984375
1308812994.489	-0.681640625	0.26953125	0.060546875
1308812994.498	-0.681640625	0.2421875	0.064453125
1308812994.508	-0.666015625	0.23828125	0.107421875
1308812994.518	-0.671875	0.216796875	0.056640625
1308812994.528	-0.677734375	0.228515625	0.052734375
1308812994.538	-0.685546875	0.220703125	0.0625
1308812994.549	-0.71484375	0.240234375	0.044921875
1308812994.558	-0.70703125	0.232421875	0.09765625
1308812994.568	-0.6796875	0.216796875	0.103515625
1308812994.578	-0.70703125	0.26171875	0.07421875
1308812994.588	-0.6796875	0.296875	0.029296875
1308812994.598	-0.70703125	0.384765625	0.0
1308812994.609	-0.72265625	0.2890625	0.013671875
1308812994.618	-0.59765625	0.076171875	-0.2421875
1308812994.628	-0.650390625	0.0390625	0.482421875
1308812994.638	-0.607421875	0.1484375	0.212890625
1308812994.648	-0.62109375	0.27734375	-0.158203125
1308812994.658	-0.482421875	0.1015625	-0.265625
1308812994.669	-0.5078125	0.15625	0.009765625
1308812994.678	-0.45703125	0.248046875	-0.15234375
1308812994.688	-0.52734375	0.236328125	-0.060546875
1308812994.698	-0.466796875	0.126953125	0.048828125
1308812994.708	-0.515625	0.103515625	0.029296875
1308812994.718	-0.5078125	0.16015625	-0.056640625
1308812994.729	-0.509765625	0.09765625	0.0234375
1308812994.738	-0.552734375	0.095703125	0.04296875
1308812994.748	-0.564453125	0.0859375	0.015625
1308812994.758	-0.533203125	0.087890625	-0.021484375
1308812994.768	-0.5703125	0.06640625	0.046875
1308812994.778	-0.642578125	1.103515625	0.048828125
1308812994.789	-3.07421875	0.1015625	-0.193359375
1308812994.798	-3.546875	-0.3828125	-0.240234375
1308812994.808	-0.8828125	0.009765625	0.103515625
1308812994.818	-0.826171875	0.48828125	0.1484375
1308812994.828	-0.68359375	0.349609375	-0.416015625
1308812994.838	0.13671875	-0.171875	-0.123046875
1308812994.849	-0.81640625	0.3984375	0.138671875
1308812994.858	-0.009765625	0.29296875	0.08984375
1308812994.868	-0.541015625	-0.064453125	-0.15625
1308812994.878	-0.509765625	-0.025390625	-0.228515625
1308812994.888	-0.4140625	-0.0390625	-0.08984375
1308812994.898	-0.55078125	0.208984375	0.138671875
1308812994.909	-0.583984375	0.34375	0.275390625
1308812994.918	-0.6796875	0.60546875	0.166015625
1308812994.928	-1.30859375	0.298828125	0.056640625
1308812994.938	-1.484375	0.208984375	0.021484375
1308812994.948	-1.1796875	0.279296875	0.091796875
1308812994.958	-0.615234375	0.248046875	-0.013671875
1308812994.968	-0.53515625	0.310546875	0.1015625
1308812994.978	-0.361328125	0.10546875	-0.115234375
1308812994.988	-0.654296875	0.2109375	0.07421875
1308812994.998	-0.689453125	0.201171875	0.0390625
1308812995.008	-0.767578125	0.2265625	0.041015625
1308812995.018	-0.94921875	0.216796875	0.04296875
1308812995.029	-0.779296875	0.224609375	0.03125
1308812995.038	-0.69140625	0.20703125	0.041015625
1308812995.048	-0.677734375	0.203125	0.0390625
1308812995.058	-0.712890625	0.2109375	0.037109375
1308812995.068	-0.81640625	0.234375	0.03515625
1308812995.078	-0.732421875	0.220703125	0.03515625
1308812995.089	-0.736328125	0.208984375	0.015625
1308812995.098	-0.70703125	0.216796875	0.015625
1308812995.108	-0.767578125	0.21484375	0.021484375
1308812995.118	-0.72265625	0.234375	0.037109375
1308812995.128	-0.73828125	0.22265625	0.037109375
1308812995.138	-0.7109375	0.2109375	0.0234375
1308812995.149	-0.779296875	0.201171875	0.015625
1308812995.158	-0.75390625	0.220703125	0.037109375
1308812995.168	-0.736328125	0.224609375	0.01953125
1308812995.178	-0.697265625	0.2109375	0.03125
1308812995.188	-0.740234375	0.228515625	0.033203125
1308812995.198	-0.740234375	0.224609375	0.01953125
1308812995.209	-0.736328125	0.23828125	0.033203125
1308812995.218	-0.720703125	0.21484375	0.02734375
1308812995.228	-0.751953125	0.224609375	0.02734375
1308812995.238	-0.71875	0.23046875	0.03125
1308812995.248	-0.716796875	0.20703125	0.02734375
1308812995.258	-0.72265625	0.20703125	0.02734375
1308812995.269	-0.7578125	0.23828125	0.037109375
1308812995.278	-0.728515625	0.216796875	0.0390625
1308812995.288	-0.734375	0.244140625	0.021484375
1308812995.298	-0.75	0.240234375	0.025390625
1308812995.308	-0.755859375	0.232421875	0.072265625
1308812995.318	-0.763671875	0.26171875	0.01953125
1308812995.329	-0.783203125	0.255859375	0.01953125
1308812995.338	-0.77734375	0.318359375	0.025390625
1308812995.348	-0.828125	0.328125	-0.013671875
1308812995.358	-0.80859375	0.34375	-0.064453125
1308812995.368	-0.87890625	0.275390625	-0.0390625
1308812995.378	-0.869140625	0.330078125	0.015625
1308812995.389	-0.919921875	0.30078125	0.0859375
1308812995.397	-0.923828125	0.234375	0.060546875
1308812995.408	-0.90625	0.263671875	0.02734375
1308812995.418	-0.880859375	0.287109375	0.052734375
1308812995.428	-0.84375	0.23828125	0.052734375
1308812995.438	-0.798828125	0.255859375	0.068359375
1308812995.448	-0.8046875	0.265625	0.04296875
1308812995.458	-0.763671875	0.267578125	0.05078125
1308812995.468	-0.775390625	0.271484375	0.025390625
1308812995.478	-0.7421875	0.2265625	0.03125
1308812995.488	-0.732421875	0.23046875	0.048828125
1308812995.498	-0.703125	0.21875	0.0859375
1308812995.508	-0.697265625	0.212890625	0.076171875
1308812995.518	-0.640625	0.22265625	0.037109375
1308812995.528	-0.6484375	0.248046875	0.009765625
1308812995.538	-0.623046875	0.240234375	-0.005859375
1308812995.548	-0.6171875	0.240234375	0.04296875
1308812995.558	-0.5703125	0.224609375	0.029296875
1308812995.569	-0.58203125	0.25390625	0.00390625
1308812995.578	-0.591796875	0.251953125	0.060546875
1308812995.588	-0.611328125	0.234375	0.048828125
1308812995.598	-0.638671875	0.23046875	0.033203125
1308812995.608	-0.642578125	0.265625	0.0625
1308812995.618	-0.673828125	0.23828125	0.046875
1308812995.628	-0.666015625	0.21875	0.068359375
1308812995.638	-0.673828125	0.193359375	0.078125
1308812995.648	-0.6796875	0.208984375	0.07421875
1308812995.658	-0.673828125	0.20703125	0.06640625
1308812995.668	-0.671875	0.224609375	0.0703125
1308812995.678	-0.6796875	0.189453125	0.095703125
1308812995.689	-0.6875	0.2109375	0.1015625
1308812995.698	-0.7109375	0.197265625	0.083984375
1308812995.708	-0.716796875	0.234375	0.06640625
1308812995.718	-0.708984375	0.25390625	0.0546875
1308812995.728	-0.703125	0.251953125	0.0390625
1308812995.738	-0.677734375	0.2578125	0.083984375
1308812995.748	-0.685546875	0.2578125	0.041015625
1308812995.758	-0.67578125	0.28125	0.0546875
1308812995.768	-0.69921875	0.279296875	0.041015625
1308812995.778	-0.716796875	0.287109375	0.046875
1308812995.787	-0.72265625	0.3125	0.044921875
1308812995.798	-0.697265625	0.310546875	0.017578125
1308812995.808	-0.73046875	0.28515625	0.033203125
1308812995.818	-0.7109375	0.259765625	0.0546875
1308812995.828	-0.7421875	0.271484375	0.05078125
1308812995.838	-0.72265625	0.28125	0.009765625
1308812995.848	-0.7421875	0.27734375	0.0546875
1308812995.858	-0.716796875	0.2109375	0.041015625
1308812995.869	-0.623046875	0.037109375	0.302734375
1308812995.878	-0.5	-0.06640625	-0.15234375
1308812995.888	-0.484375	0.326171875	-0.037109375
1308812995.898	-0.482421875	0.234375	0.005859375
1308812995.908	-0.51953125	0.19921875	0.09375
1308812995.918	-0.498046875	0.099609375	-0.072265625
1308812995.928	-0.521484375	0.029296875	-0.083984375
1308812995.938	-0.53125	0.146484375	-0.009765625
1308812995.948	-0.533203125	0.21875	-0.017578125
1308812995.958	-0.55078125	0.115234375	-0.0625
1308812995.968	-0.517578125	0.041015625	-0.01171875
1308812995.978	-0.544921875	0.068359375	-0.037109375
1308812995.989	-0.556640625	0.142578125	0.0078125
1308812995.998	-0.552734375	0.32421875	0.064453125
1308812996.008	-1.171875	1.96484375	0.626953125
1308812996.018	-3.197265625	0.376953125	-0.1328125
1308812996.028	-2.248046875	0.291015625	-0.1171875
1308812996.038	-0.927734375	0.271484375	-0.08984375
1308812996.049	-1.19140625	0.345703125	0.08203125
1308812996.058	-0.16796875	0.126953125	-0.18359375
1308812996.068	-0.25	-0.28515625	-0.173828125
1308812996.078	-0.697265625	0.5234375	0.0546875
1308812996.088	-0.142578125	0.001953125	-0.013671875
1308812996.098	-0.5703125	0.09375	-0.0390625
1308812996.108	-0.4453125	-0.0546875	-0.078125
1308812996.118	-0.482421875	0.06640625	-0.009765625
1308812996.128	-0.671875	0.515625	0.166015625
1308812996.137	-0.736328125	0.3515625	0.09375
1308812996.148	-1.119140625	0.2734375	0.095703125
1308812996.158	-1.28125	0.248046875	0.01171875
1308812996.169	-1.09765625	0.23046875	0.02734375
1308812996.178	-0.794921875	0.25390625	0.033203125
1308812996.188	-0.5859375	0.1796875	-0.015625
1308812996.198	-0.517578125	0.21484375	-0.01953125
1308812996.208	-0.568359375	0.193359375	0.01953125
1308812996.218	-0.763671875	0.2109375	0.0390625
1308812996.229	-0.728515625	0.216796875	0.013671875
1308812996.238	-0.873046875	0.244140625	0.052734375
1308812996.248	-0.767578125	0.220703125	0.017578125
1308812996.258	-0.681640625	0.244140625	0.03515625
1308812996.268	-0.673828125	0.20703125	0.0234375
1308812996.278	-0.765625	0.23828125	0.01953125
1308812996.289	-0.755859375	0.2265625	0.033203125
1308812996.298	-0.732421875	0.22265625	0.025390625
1308812996.308	-0.712890625	0.20703125	0.015625
1308812996.318	-0.744140625	0.22265625	0.021484375
1308812996.328	-0.755859375	0.21484375	0.02734375
1308812996.338	-0.732421875	0.203125	0.033203125
1308812996.349	-0.720703125	0.21484375	0.029296875
1308812996.358	-0.720703125	0.216796875	0.013671875
1308812996.368	-0.71875	0.2265625	0.01953125
1308812996.378	-0.771484375	0.2265625	0.0234375
1308812996.388	-0.7421875	0.2109375	0.029296875
1308812996.398	-0.75	0.21484375	0.0390625
1308812996.409	-0.708984375	0.212890625	0.033203125
1308812996.418	-0.732421875	0.224609375	0.0234375
1308812996.430	-0.712890625	0.201171875	0.037109375
1308812996.437	-0.716796875	0.208984375	-0.015625
1308812996.450	-0.728515625	0.205078125	0.00390625
1308812996.457	-0.748046875	0.203125	0.0234375
1308812996.469	-0.74609375	0.201171875	0.06640625
1308812996.478	-0.76953125	0.267578125	0.0078125
1308812996.488	-0.740234375	0.2265625	0.037109375
1308812996.498	-0.76171875	0.236328125	0.0390625
1308812996.508	-0.796875	0.310546875	0.017578125
1308812996.518	-0.830078125	0.376953125	0.025390625
1308812996.529	-0.80859375	0.439453125	-0.099609375
1308812996.538	-0.849609375	0.318359375	-0.005859375
1308812996.548	-0.876953125	0.13671875	0.087890625
1308812996.558	-0.875	0.212890625	0.06640625
1308812996.570	-0.916015625	0.26171875	0.025390625
1308812996.577	-0.896484375	0.25	0.0546875
1308812996.589	-0.91015625	0.306640625	0.009765625
1308812996.598	-0.884765625	0.30859375	0.009765625
1308812996.608	-0.857421875	0.25390625	0.095703125
1308812996.618	-0.837890625	0.23828125	0.103515625
1308812996.628	-0.80078125	0.189453125	0.087890625
1308812996.638	-0.7734375	0.18359375	0.064453125
1308812996.649	-0.720703125	0.2578125	0.025390625
1308812996.658	-0.70703125	0.25390625	0.0
1308812996.668	-0.705078125	0.25	-0.017578125
1308812996.678	-0.669921875	0.203125	0.03125
1308812996.688	-0.685546875	0.216796875	0.025390625
1308812996.698	-0.6640625	0.251953125	0.01953125
1308812996.709	-0.634765625	0.263671875	0.044921875
1308812996.718	-0.61328125	0.259765625	0.017578125
1308812996.728	-0.62890625	0.2578125	0.04296875
1308812996.738	-0.59765625	0.232421875	0.048828125
1308812996.748	-0.630859375	0.234375	0.00390625
1308812996.758	-0.630859375	0.201171875	0.052734375
1308812996.768	-0.671875	0.177734375	0.044921875
1308812996.778	-0.630859375	0.216796875	0.03515625
1308812996.788	-0.640625	0.22265625	0.033203125
1308812996.798	-0.634765625	0.21484375	0.04296875
1308812996.808	-0.630859375	0.21875	0.09375
1308812996.818	-0.650390625	0.21484375	0.091796875
1308812996.829	-0.66796875	0.234375	0.087890625
1308812996.838	-0.677734375	0.26953125	0.046875
1308812996.848	-0.67578125	0.24609375	0.01953125
1308812996.858	-0.662109375	0.2265625	0.091796875
1308812996.868	-0.693359375	0.244140625	0.0546875
1308812996.878	-0.720703125	0.20703125	0.076171875
1308812996.889	-0.689453125	0.19140625	0.087890625
1308812996.898	-0.6875	0.193359375	0.044921875
1308812996.908	-0.693359375	0.255859375	0.01953125
1308812996.918	-0.671875	0.263671875	0.013671875
1308812996.928	-0.67578125	0.23828125	0.041015625
1308812996.938	-0.669921875	0.2265625	0.0703125
1308812996.949	-0.671875	0.205078125	0.0703125
1308812996.958	-0.681640625	0.205078125	0.095703125
1308812996.968	-0.669921875	0.21875	0.072265625
1308812996.978	-0.650390625	0.224609375	0.041015625
1308812996.988	-0.654296875	0.216796875	0.083984375
1308812996.998	-0.638671875	0.2421875	0.07421875
1308812997.009	-0.673828125	0.267578125	-0.001953125
1308812997.018	-0.44140625	0.091796875	-0.380859375
1308812997.030	-0.5546875	0.013671875	0.0234375
1308812997.037	-0.486328125	0.30078125	-0.02734375
1308812997.048	-0.513671875	0.185546875	-0.046875
1308812997.058	-0.517578125	0.099609375	0.0078125
1308812997.068	-0.50390625	0.10546875	-0.025390625
1308812997.078	-0.541015625	0.115234375	-0.076171875
1308812997.088	-0.52734375	0.103515625	0.015625
1308812997.098	-0.5234375	0.09765625	0.021484375
1308812997.108	-0.552734375	0.078125	0.0
1308812997.118	-0.537109375	0.064453125	0.02734375
1308812997.128	-0.990234375	2.173828125	0.3828125
1308812997.138	-3.275390625	0.1640625	0.45703125
1308812997.148	-2.0078125	0.3984375	-0.041015625
1308812997.159	-0.955078125	0.4375	0.052734375
1308812997.168	-1.0859375	0.294921875	-0.048828125
1308812997.177	-0.189453125	0.46875	-0.259765625
1308812997.189	-0.328125	-0.265625	0.068359375
1308812997.198	-0.697265625	0.439453125	0.1796875
1308812997.208	-0.146484375	0.056640625	-0.0234375
1308812997.218	-0.5859375	0.166015625	-0.25
1308812997.228	-0.453125	-0.103515625	-0.134765625
1308812997.238	-0.5078125	0.1015625	0.12890625
1308812997.249	-0.80859375	0.5625	0.298828125
1308812997.258	-0.767578125	0.302734375	-0.064453125
1308812997.268	-1.224609375	0.1328125	0.060546875
1308812997.278	-1.216796875	0.220703125	0.037109375
1308812997.288	-0.935546875	0.171875	0.015625
1308812997.298	-0.669921875	0.232421875	0.015625
1308812997.309	-0.541015625	0.248046875	-0.01171875
1308812997.318	-0.54296875	0.19921875	0.0
1308812997.328	-0.689453125	0.208984375	0.033203125
1308812997.338	-0.78125	0.205078125	0.0546875
1308812997.348	-0.78515625	0.23828125	0.033203125
1308812997.358	-0.83203125	0.201171875	0.02734375
1308812997.369	-0.677734375	0.203125	0.0234375
1308812997.378	-0.6796875	0.212890625	0.0234375
1308812997.387	-0.724609375	0.234375	0.01953125
1308812997.398	-0.783203125	0.212890625	0.0390625
1308812997.408	-0.724609375	0.2109375	0.025390625
1308812997.418	-0.732421875	0.23046875	0.021484375
1308812997.428	-0.705078125	0.22265625	0.005859375
1308812997.438	-0.748046875	0.212890625	0.017578125
1308812997.448	-0.744140625	0.228515625	0.029296875
1308812997.457	-0.71875	0.2265625	0.03125
1308812997.467	-0.732421875	0.201171875	0.03515625
1308812997.478	-0.734375	0.23828125	0.021484375
1308812997.488	-0.70703125	0.22265625	0.02734375
1308812997.498	-0.744140625	0.197265625	0.033203125
1308812997.508	-0.765625	0.216796875	0.01953125
1308812997.518	-0.75	0.212890625	0.0234375
1308812997.528	-0.71875	0.21484375	0.013671875
1308812997.538	-0.70703125	0.201171875	0.0234375
1308812997.549	-0.7265625	0.177734375	0.009765625
1308812997.558	-0.724609375	0.203125	0.01953125
1308812997.568	-0.740234375	0.205078125	0.0234375
1308812997.578	-0.771484375	0.26953125	0.03515625
1308812997.588	-0.73046875	0.103515625	0.025390625
1308812997.598	-0.748046875	0.240234375	-0.041015625
1308812997.609	-0.751953125	0.2421875	0.025390625
1308812997.618	-0.787109375	0.236328125	-0.01953125
1308812997.628	-0.751953125	0.228515625	-0.02734375
1308812997.638	-0.779296875	0.306640625	-0.05859375
1308812997.648	-0.755859375	0.279296875	0.0390625
1308812997.658	-0.8203125	0.25390625	0.158203125
1308812997.669	-0.83984375	0.224609375	0.111328125
1308812997.678	-0.85546875	0.23828125	0.0390625
1308812997.688	-0.900390625	0.306640625	-0.01171875
1308812997.698	-0.876953125	0.328125	-0.009765625
1308812997.708	-0.888671875	0.28515625	-0.001953125
1308812997.718	-0.849609375	0.333984375	-0.04296875
1308812997.729	-0.818359375	0.310546875	-0.013671875
1308812997.738	-0.787109375	0.267578125	0.00390625
1308812997.748	-0.759765625	0.26953125	-0.001953125
1308812997.758	-0.75390625	0.279296875	-0.056640625
1308812997.768	-0.73046875	0.26953125	0.01171875
1308812997.778	-0.70703125	0.2109375	0.03125
1308812997.787	-0.69921875	0.216796875	0.009765625
1308812997.798	-0.662109375	0.220703125	0.021484375
1308812997.808	-0.650390625	0.1953125	0.029296875
1308812997.818	-0.63671875	0.193359375	0.060546875
1308812997.828	-0.62890625	0.14453125	0.091796875
1308812997.838	-0.6328125	0.19140625	0.05859375
1308812997.849	-0.6484375	0.19921875	0.046875
1308812997.858	-0.68359375	0.19140625	0.06640625
1308812997.868	-0.685546875	0.189453125	0.095703125
1308812997.878	-0.703125	0.197265625	0.060546875
1308812997.887	-0.70703125	0.201171875	0.06640625
1308812997.898	-0.693359375	0.2109375	0.091796875
1308812997.908	-0.716796875	0.205078125	0.0703125
1308812997.918	-0.712890625	0.220703125	0.0625
1308812997.928	-0.72265625	0.234375	0.052734375
1308812997.938	-0.720703125	0.25390625	0.078125
1308812997.948	-0.732421875	0.232421875	0.05078125
1308812997.958	-0.73828125	0.263671875	0.046875
1308812997.970	-0.70703125	0.25390625	0.05859375
1308812997.978	-0.701171875	0.251953125	0.03125
1308812997.988	-0.703125	0.244140625	0.0546875
1308812997.998	-0.68359375	0.248046875	0.01953125
1308812998.010	-0.69140625	0.279296875	0.0234375
1308812998.017	-0.6953125	0.291015625	0.021484375
1308812998.028	-0.69921875	0.26953125	-0.00390625
1308812998.038	-0.6796875	0.26953125	0.001953125
1308812998.048	-0.673828125	0.279296875	-0.00390625
1308812998.058	-0.6875	0.2890625	-0.001953125
1308812998.068	-0.716796875	0.279296875	0.0078125
1308812998.078	-0.697265625	0.265625	0.0234375
1308812998.089	-0.69140625	0.244140625	0.076171875
1308812998.098	-0.712890625	0.205078125	0.0234375
1308812998.108	-0.70703125	0.21875	0.041015625
1308812998.118	-0.732421875	0.28125	0.015625
1308812998.130	-0.74609375	0.255859375	0.017578125
1308812998.137	-0.755859375	0.240234375	0.064453125
1308812998.148	-0.744140625	0.314453125	0.033203125
1308812998.158	-0.65625	0.615234375	0.298828125
1308812998.168	-0.595703125	0.28125	-0.26953125
1308812998.178	-0.54296875	-0.234375	-0.20703125
1308812998.188	-0.52734375	-0.126953125	0.0625
1308812998.198	-0.498046875	0.0390625	-0.037109375
1308812998.208	-0.494140625	0.21875	-0.111328125
1308812998.218	-0.509765625	0.08203125	0.0078125
1308812998.228	-0.509765625	0.107421875	0.03125
1308812998.238	-0.529296875	0.189453125	0.00390625
1308812998.248	-0.52734375	0.130859375	0.076171875
1308812998.258	-0.54296875	0.166015625	0.09765625
1308812998.268	-0.537109375	0.125	-0.03515625
1308812998.278	-0.529296875	0.021484375	0.009765625
1308812998.288	-0.568359375	0.021484375	0.111328125
1308812998.298	-0.63671875	0.92578125	-0.005859375
1308812998.308	-1.939453125	1.4296875	0.556640625
1308812998.318	-3.453125	0.1953125	-0.12109375
1308812998.328	-0.78125	-0.10546875	0.2109375
1308812998.338	-0.7578125	0.3671875	0.294921875
1308812998.348	-0.869140625	0.265625	-0.00390625
1308812998.358	0.0	-0.03125	-0.02734375
1308812998.368	-0.5703125	0.3671875	-0.09375
1308812998.378	-0.291015625	0.52734375	-0.0078125
1308812998.388	-0.431640625	-0.099609375	-0.173828125
1308812998.398	-0.646484375	0.056640625	0.0703125
1308812998.408	-0.3984375	0.001953125	0.11328125
1308812998.418	-0.63671875	0.44140625	0.0546875
1308812998.428	-0.8046875	0.38671875	0.1484375
1308812998.438	-1.005859375	0.248046875	-0.046875
1308812998.448	-1.318359375	0.21484375	0.078125
1308812998.458	-0.974609375	0.287109375	0.064453125
1308812998.468	-0.83203125	0.267578125	0.005859375
1308812998.478	-0.5703125	0.201171875	-0.013671875
1308812998.488	-0.53515625	0.205078125	-0.048828125
1308812998.498	-0.58203125	0.216796875	-0.0078125
1308812998.509	-0.7578125	0.19921875	0.07421875
1308812998.518	-0.73828125	0.232421875	0.0078125
1308812998.528	-0.822265625	0.255859375	0.041015625
1308812998.538	-0.79296875	0.23046875	0.021484375
1308812998.548	-0.669921875	0.224609375	0.02734375
1308812998.558	-0.68359375	0.220703125	0.009765625
1308812998.568	-0.765625	0.220703125	-0.005859375
1308812998.578	-0.76953125	0.244140625	0.03515625
1308812998.588	-0.740234375	0.2265625	0.015625
1308812998.598	-0.720703125	0.236328125	0.01171875
1308812998.610	-0.70703125	0.224609375	0.005859375
1308812998.617	-0.751953125	0.216796875	0.03125
1308812998.629	-0.755859375	0.2265625	0.01171875
1308812998.638	-0.734375	0.21875	0.025390625
1308812998.648	-0.712890625	0.2265625	0.021484375
1308812998.658	-0.732421875	0.22265625	-0.00390625
1308812998.668	-0.744140625	0.2109375	0.0078125
1308812998.678	-0.75390625	0.23828125	0.025390625
1308812998.688	-0.736328125	0.22265625	0.0234375
1308812998.698	-0.7421875	0.240234375	0.01953125
1308812998.708	-0.74609375	0.185546875	0.083984375
1308812998.718	-0.779296875	0.244140625	0.017578125
1308812998.728	-0.73046875	0.1953125	0.037109375
1308812998.738	-0.76171875	0.2265625	0.013671875
1308812998.749	-0.775390625	0.240234375	0.0
1308812998.758	-0.7734375	0.248046875	0.025390625
1308812998.768	-0.802734375	0.287109375	0.029296875
1308812998.778	-0.833984375	0.29296875	0.021484375
1308812998.787	-0.873046875	0.330078125	-0.083984375
1308812998.798	-0.875	0.298828125	-0.076171875
1308812998.808	-0.900390625	0.248046875	0.005859375
1308812998.818	-0.931640625	0.2578125	0.060546875
1308812998.828	-0.9375	0.22265625	0.041015625
1308812998.838	-0.923828125	0.23828125	0.0703125
1308812998.848	-0.890625	0.23046875	0.0546875
1308812998.858	-0.84375	0.28515625	0.05859375
1308812998.869	-0.79296875	0.23828125	0.060546875
1308812998.878	-0.76171875	0.236328125	0.08203125
1308812998.887	-0.748046875	0.2421875	0.0625
1308812998.898	-0.716796875	0.267578125	0.052734375
1308812998.908	-0.712890625	0.291015625	0.013671875
1308812998.918	-0.68359375	0.283203125	0.009765625
1308812998.928	-0.6640625	0.267578125	0.021484375
1308812998.938	-0.669921875	0.255859375	0.015625
1308812998.948	-0.669921875	0.234375	0.025390625
1308812998.958	-0.65234375	0.228515625	0.044921875
1308812998.968	-0.677734375	0.248046875	0.017578125
1308812998.978	-0.66796875	0.212890625	0.03515625
1308812998.988	-0.673828125	0.244140625	0.0234375
1308812998.998	-0.630859375	0.216796875	0.0546875
1308812999.008	-0.630859375	0.232421875	0.0625
1308812999.018	-0.6484375	0.24609375	0.037109375
1308812999.028	-0.625	0.224609375	0.06640625
1308812999.038	-0.669921875	0.2265625	0.064453125
1308812999.048	-0.720703125	0.248046875	0.05859375
1308812999.058	-0.7265625	0.212890625	0.025390625
1308812999.068	-0.755859375	0.224609375	0.03125
1308812999.078	-0.736328125	0.244140625	0.05078125
1308812999.088	-0.728515625	0.251953125	0.041015625
1308812999.098	-0.693359375	0.251953125	0.0546875
1308812999.108	-0.677734375	0.24609375	0.060546875
1308812999.118	-0.662109375	0.234375	0.046875
1308812999.128	-0.638671875	0.267578125	0.0390625
1308812999.138	-0.64453125	0.265625	0.015625
1308812999.148	-0.669921875	0.265625	0.064453125
1308812999.158	-0.681640625	0.26953125	0.03515625
1308812999.168	-0.67578125	0.3125	0.005859375
1308812999.178	-0.669921875	0.2890625	0.015625
1308812999.188	-0.64453125	0.263671875	0.041015625
1308812999.198	-0.66015625	0.24609375	0.0390625
1308812999.208	-0.72265625	0.279296875	0.041015625
1308812999.218	-0.701171875	0.275390625	0.06640625
1308812999.228	-0.712890625	0.255859375	0.078125
1308812999.238	-0.70703125	0.251953125	0.0859375
1308812999.248	-0.693359375	0.236328125	0.10546875
1308812999.258	-0.6953125	0.255859375	0.087890625
1308812999.268	-0.6953125	0.283203125	0.0546875
1308812999.278	-0.693359375	0.328125	-0.013671875
1308812999.288	-0.70703125	0.328125	0.0
1308812999.298	-0.681640625	0.30859375	0.015625
1308812999.308	-0.697265625	0.244140625	0.03125
1308812999.318	-0.646484375	0.197265625	0.103515625
1308812999.328	-0.6328125	0.0703125	-0.044921875
1308812999.338	-0.560546875	-0.048828125	-0.029296875
1308812999.348	-0.515625	-0.025390625	0.080078125
1308812999.358	-0.49609375	0.24609375	-0.134765625
1308812999.368	-0.482421875	0.287109375	-0.03125
1308812999.378	-0.51171875	0.166015625	0.0859375
1308812999.387	-0.505859375	0.201171875	-0.021484375
1308812999.398	-0.52734375	0.068359375	-0.091796875
1308812999.408	-0.525390625	0.060546875	-0.005859375
1308812999.418	-0.537109375	0.142578125	0.064453125
1308812999.428	-0.53125	0.146484375	-0.041015625
1308812999.438	-0.5546875	0.08203125	-0.02734375
1308812999.448	-0.556640625	0.083984375	0.0234375
1308812999.458	-0.568359375	0.076171875	0.04296875
1308812999.468	-0.55859375	0.064453125	0.033203125
1308812999.478	-0.85546875	1.775390625	0.44921875
1308812999.488	-4.103515625	-0.08984375	0.083984375
1308812999.498	-1.07421875	0.443359375	0.158203125
1308812999.508	-1.21875	0.79296875	0.171875
1308812999.518	-1.365234375	0.890625	0.03515625
1308812999.528	0.26953125	-0.181640625	-0.615234375
1308812999.538	-0.384765625	-0.23046875	0.041015625
1308812999.548	-0.650390625	0.392578125	0.126953125
1308812999.558	-0.080078125	-0.037109375	-0.025390625
1308812999.568	-0.619140625	0.22265625	-0.255859375
1308812999.578	-0.396484375	-0.115234375	-0.328125
1308812999.588	-0.458984375	0.017578125	-0.078125
1308812999.598	-0.580078125	0.24609375	0.126953125
1308812999.608	-0.5546875	0.314453125	0.220703125
1308812999.618	-0.6796875	0.236328125	0.04296875
1308812999.628	-1.0546875	0.302734375	-0.06640625
1308812999.638	-1.44140625	0.189453125	0.16015625
1308812999.648	-1.291015625	0.244140625	-0.009765625
1308812999.658	-0.8046875	0.15234375	0.02734375
1308812999.668	-0.693359375	0.296875	0.029296875
1308812999.678	-0.40625	0.2109375	-0.076171875
1308812999.688	-0.5625	0.166015625	-0.015625
1308812999.698	-0.615234375	0.234375	0.017578125
1308812999.708	-0.70703125	0.228515625	0.0546875
1308812999.718	-0.751953125	0.203125	-0.001953125
1308812999.728	-0.865234375	0.212890625	0.015625
1308812999.738	-0.7890625	0.22265625	0.025390625
1308812999.748	-0.736328125	0.1953125	0.013671875
1308812999.758	-0.671875	0.240234375	0.0078125
1308812999.768	-0.759765625	0.234375	0.03125
1308812999.778	-0.712890625	0.203125	0.015625
1308812999.787	-0.7734375	0.19140625	0.005859375
1308812999.798	-0.71484375	0.203125	0.00390625
1308812999.808	-0.72265625	0.208984375	0.001953125
1308812999.818	-0.73046875	0.208984375	0.01953125
1308812999.828	-0.728515625	0.216796875	0.01953125
1308812999.838	-0.7109375	0.20703125	0.013671875
1308812999.848	-0.75	0.189453125	0.0234375
1308812999.858	-0.765625	0.216796875	0.01171875
1308812999.868	-0.73046875	0.21875	0.01953125
1308812999.878	-0.69921875	0.19921875	0.009765625
1308812999.887	-0.74609375	0.2109375	0.01171875
1308812999.898	-0.763671875	0.18359375	0.095703125
1308812999.908	-0.740234375	0.15234375	0.029296875
1308812999.918	-0.732421875	0.197265625	0.00390625
1308812999.928	-0.73046875	0.220703125	0.0234375
1308812999.938	-0.740234375	0.21875	0.0
1308812999.948	-0.716796875	0.203125	0.033203125
1308812999.958	-0.75	0.23046875	0.029296875
1308812999.968	-0.7734375	0.21484375	0.015625
1308812999.978	-0.732421875	0.216796875	0.015625
1308812999.988	-0.703125	0.228515625	0.0
1308812999.998	-0.744140625	0.22265625	-0.01953125
1308813000.008	-0.7421875	0.26953125	-0.052734375
1308813000.018	-0.7421875	-0.064453125	0.1953125
1308813000.028	-0.7578125	0.263671875	-0.025390625
1308813000.038	-0.826171875	0.203125	0.115234375
1308813000.048	-0.814453125	0.25390625	0.173828125
1308813000.058	-0.849609375	0.26171875	0.09765625
1308813000.068	-0.87890625	0.244140625	0.01953125
1308813000.078	-0.861328125	0.341796875	-0.11328125
1308813000.088	-0.943359375	0.369140625	-0.12109375
1308813000.098	-0.9609375	0.29296875	-0.052734375
1308813000.108	-0.982421875	0.23828125	0.056640625
1308813000.118	-0.953125	0.26953125	0.0078125
1308813000.128	-0.900390625	0.275390625	0.04296875
1308813000.137	-0.88671875	0.25	0.109375
1308813000.148	-0.8046875	0.2421875	0.16015625
1308813000.158	-0.736328125	0.302734375	0.072265625
1308813000.168	-0.69921875	0.314453125	0.009765625
1308813000.178	-0.669921875	0.26953125	0.015625
1308813000.188	-0.630859375	0.2265625	-0.041015625
1308813000.198	-0.603515625	0.24609375	-0.064453125
1308813000.208	-0.59765625	0.177734375	-0.021484375
1308813000.218	-0.58203125	0.154296875	0.03125
1308813000.228	-0.583984375	0.1875	0.013671875
1308813000.238	-0.578125	0.166015625	0.00390625
1308813000.248	-0.576171875	0.15625	0.017578125
1308813000.258	-0.58203125	0.18359375	0.017578125
1308813000.268	-0.58984375	0.17578125	0.0625
1308813000.278	-0.619140625	0.16015625	0.091796875
1308813000.288	-0.642578125	0.185546875	0.080078125
1308813000.298	-0.697265625	0.22265625	0.04296875
1308813000.308	-0.72265625	0.205078125	0.02734375
1308813000.318	-0.712890625	0.189453125	0.044921875
1308813000.328	-0.716796875	0.21875	0.052734375
1308813000.338	-0.68359375	0.201171875	0.064453125
1308813000.348	-0.689453125	0.208984375	0.091796875
1308813000.358	-0.6953125	0.22265625	0.064453125
1308813000.368	-0.703125	0.232421875	0.037109375
1308813000.378	-0.70703125	0.25	0.033203125
1308813000.387	-0.712890625	0.259765625	0.00390625
1308813000.398	-0.736328125	0.27734375	0.021484375
1308813000.408	-0.7265625	0.27734375	0.015625
1308813000.418	-0.716796875	0.279296875	0.046875
1308813000.427	-0.681640625	0.28125	0.037109375
1308813000.438	-0.6953125	0.263671875	0.046875
1308813000.448	-0.6953125	0.244140625	0.02734375
1308813000.458	-0.69921875	0.2734375	0.021484375
1308813000.468	-0.708984375	0.265625	0.013671875
1308813000.478	-0.6875	0.29296875	-0.00390625
1308813000.488	-0.703125	0.259765625	-0.017578125
1308813000.498	-0.6875	0.24609375	-0.0234375
1308813000.508	-0.666015625	0.18359375	0.02734375
1308813000.518	-0.646484375	0.171875	0.052734375
1308813000.528	-0.625	0.169921875	0.048828125
1308813000.538	-0.6015625	0.201171875	0.052734375
1308813000.548	-0.60546875	0.166015625	0.103515625
1308813000.558	-0.57421875	0.0703125	0.0234375
1308813000.568	-0.5234375	-0.12890625	-0.208984375
1308813000.578	-0.517578125	0.22265625	0.052734375
1308813000.588	-0.505859375	0.14453125	-0.080078125
1308813000.598	-0.525390625	0.2890625	-0.021484375
1308813000.608	-0.50390625	0.12890625	0.025390625
1308813000.618	-0.525390625	0.0703125	-0.033203125
1308813000.628	-0.576171875	0.044921875	-0.0625
1308813000.637	-0.515625	0.095703125	0.048828125
1308813000.648	-0.58203125	0.103515625	0.025390625
1308813000.658	-0.6640625	0.845703125	0.173828125
1308813000.668	-2.220703125	0.86328125	0.490234375
1308813000.678	-4.1484375	0.115234375	0.068359375
1308813000.688	-0.359375	0.099609375	-0.0234375
1308813000.698	-0.935546875	0.763671875	0.212890625
1308813000.708	-0.779296875	0.650390625	-0.17578125
1308813000.718	0.0703125	-0.34375	-0.009765625
1308813000.728	-0.755859375	0.26171875	0.08984375
1308813000.738	-0.119140625	0.302734375	0.029296875
1308813000.748	-0.4921875	-0.0546875	-0.271484375
1308813000.758	-0.53125	0.09375	-0.20703125
1308813000.768	-0.455078125	-0.123046875	0.134765625
1308813000.778	-0.59765625	0.326171875	0.181640625
1308813000.787	-0.771484375	0.513671875	0.0234375
1308813000.798	-1.033203125	0.208984375	0.015625
1308813000.808	-1.287109375	0.248046875	0.130859375
1308813000.818	-0.9921875	0.20703125	0.0703125
1308813000.828	-0.86328125	0.2421875	0.025390625
1308813000.838	-0.6015625	0.14453125	-0.056640625
1308813000.848	-0.546875	0.240234375	0.025390625
1308813000.858	-0.548828125	0.1640625	0.0
1308813000.868	-0.74609375	0.203125	0.06640625
1308813000.878	-0.70703125	0.1875	0.037109375
1308813000.888	-0.8125	0.216796875	0.029296875
1308813000.898	-0.77734375	0.201171875	0.01953125
1308813000.908	-0.703125	0.201171875	0.017578125
1308813000.918	-0.677734375	0.19921875	-0.001953125
1308813000.928	-0.74609375	0.208984375	0.00390625
1308813000.938	-0.767578125	0.23046875	0.03125
1308813000.948	-0.7578125	0.21875	0.015625
1308813000.958	-0.70703125	0.2109375	0.0234375
1308813000.968	-0.716796875	0.20703125	0.021484375
1308813000.978	-0.74609375	0.20703125	0.013671875
1308813000.988	-0.73828125	0.224609375	0.01953125
1308813000.998	-0.734375	0.203125	0.01171875
1308813001.008	-0.720703125	0.203125	0.025390625
1308813001.018	-0.7109375	0.216796875	0.005859375
1308813001.028	-0.74609375	0.205078125	0.01171875
1308813001.038	-0.759765625	0.212890625	0.02734375
1308813001.047	-0.736328125	0.203125	0.025390625
1308813001.058	-0.71484375	0.224609375	0.025390625
1308813001.068	-0.724609375	0.201171875	0.029296875
1308813001.078	-0.736328125	0.228515625	0.01953125
1308813001.088	-0.73828125	0.203125	0.0234375
1308813001.098	-0.724609375	0.201171875	0.025390625
1308813001.108	-0.73828125	0.193359375	0.0234375
1308813001.118	-0.740234375	0.224609375	0.0234375
1308813001.128	-0.720703125	0.21484375	0.0
1308813001.138	-0.7109375	0.197265625	0.03125
1308813001.148	-0.75390625	0.20703125	0.017578125
1308813001.158	-0.736328125	0.220703125	0.01171875
1308813001.168	-0.73828125	0.212890625	0.005859375
1308813001.178	-0.75	0.2421875	0.03125
1308813001.188	-0.7890625	0.216796875	0.01171875
1308813001.198	-0.7734375	0.201171875	0.037109375
1308813001.208	-0.814453125	0.19140625	0.01171875
1308813001.218	-0.767578125	0.185546875	-0.017578125
1308813001.228	-0.7734375	0.236328125	0.03125
1308813001.238	-0.7578125	0.279296875	0.01953125
1308813001.248	-0.810546875	0.40234375	0.001953125
1308813001.258	-0.84375	0.3828125	-0.060546875
1308813001.268	-0.880859375	0.3671875	-0.02734375
1308813001.278	-0.89453125	0.373046875	-0.052734375
1308813001.288	-0.884765625	0.375	-0.052734375
1308813001.298	-0.884765625	0.302734375	0.0390625
1308813001.308	-0.8515625	0.2578125	0.060546875
1308813001.318	-0.826171875	0.2421875	0.064453125
1308813001.328	-0.806640625	0.21875	0.03125
1308813001.338	-0.78515625	0.20703125	0.056640625
1308813001.348	-0.755859375	0.15625	0.0546875
1308813001.358	-0.73046875	0.17578125	0.076171875
1308813001.368	-0.71484375	0.16796875	0.078125
1308813001.378	-0.68359375	0.166015625	0.087890625
1308813001.388	-0.69921875	0.1484375	0.099609375
1308813001.398	-0.658203125	0.162109375	0.083984375
1308813001.408	-0.669921875	0.16015625	0.04296875
1308813001.418	-0.64453125	0.19140625	0.01953125
1308813001.428	-0.625	0.208984375	0.001953125
1308813001.438	-0.654296875	0.23828125	-0.013671875
1308813001.448	-0.640625	0.236328125	0.01171875
1308813001.458	-0.63671875	0.236328125	0.005859375
1308813001.468	-0.669921875	0.224609375	0.029296875
1308813001.478	-0.6875	0.216796875	0.05078125
1308813001.488	-0.693359375	0.228515625	0.064453125
1308813001.498	-0.69140625	0.212890625	0.05078125
1308813001.508	-0.712890625	0.240234375	0.0390625
1308813001.518	-0.693359375	0.22265625	0.017578125
1308813001.528	-0.701171875	0.24609375	0.02734375
1308813001.538	-0.677734375	0.228515625	0.0234375
1308813001.548	-0.697265625	0.220703125	0.0234375
1308813001.558	-0.697265625	0.2109375	0.060546875
1308813001.568	-0.703125	0.23046875	0.03515625
1308813001.578	-0.716796875	0.275390625	0.041015625
1308813001.588	-0.69921875	0.279296875	0.021484375
1308813001.598	-0.6953125	0.263671875	0.015625
1308813001.608	-0.666015625	0.24609375	-0.005859375
1308813001.618	-0.677734375	0.240234375	0.02734375
1308813001.628	-0.6484375	0.283203125	-0.001953125
1308813001.638	-0.646484375	0.318359375	0.009765625
1308813001.648	-0.7109375	0.3125	-0.0078125
1308813001.658	-0.7109375	0.333984375	0.009765625
1308813001.668	-0.6953125	0.345703125	0.03125
1308813001.678	-0.73828125	0.296875	0.06640625
1308813001.688	-0.7109375	0.255859375	0.078125
1308813001.698	-0.720703125	0.25390625	0.05859375
1308813001.708	-0.70703125	0.150390625	0.11328125
1308813001.718	-0.662109375	0.08203125	0.18359375
1308813001.728	-0.60546875	0.041015625	0.07421875
1308813001.738	-0.50390625	-0.0625	-0.2734375
1308813001.748	-0.478515625	0.10546875	0.009765625
1308813001.758	-0.533203125	0.0703125	0.07421875
1308813001.768	-0.486328125	0.271484375	0.0078125
1308813001.778	-0.505859375	0.236328125	-0.060546875
1308813001.788	-0.501953125	0.189453125	0.033203125
1308813001.798	-0.51953125	0.103515625	-0.01171875
1308813001.808	-0.5234375	0.076171875	-0.091796875
1308813001.818	-0.5390625	0.08203125	0.009765625
1308813001.828	-0.55078125	0.09375	0.11328125
1308813001.838	-0.548828125	0.1015625	0.048828125
1308813001.848	-0.54296875	0.1015625	-0.0703125
1308813001.858	-0.57421875	0.1015625	0.03515625
1308813001.868	-1.0390625	2.73828125	0.73828125
1308813001.878	-3.984375	0.158203125	0.021484375
1308813001.888	-1.099609375	0.341796875	0.330078125
1308813001.898	-1.078125	0.576171875	0.07421875
1308813001.908	-1.390625	1.171875	0.26171875
1308813001.918	0.08984375	0.1640625	0.048828125
1308813001.928	-0.48828125	-0.232421875	-0.083984375
1308813001.938	-0.607421875	0.55078125	0.169921875
1308813001.948	-0.15625	-0.138671875	-0.1796875
1308813001.958	-0.61328125	0.3046875	-0.28125
1308813001.968	-0.3984375	-0.017578125	-0.21484375
1308813001.978	-0.501953125	0.0625	0.056640625
1308813001.988	-0.6328125	0.484375	0.234375
1308813001.998	-0.66796875	0.37109375	0.146484375
1308813002.008	-1.07421875	0.2734375	0.00390625
1308813002.018	-1.3203125	0.19921875	-0.04296875
1308813002.028	-1.267578125	0.20703125	0.01953125
1308813002.038	-0.857421875	0.21875	0.09765625
1308813002.048	-0.595703125	0.169921875	-0.046875
1308813002.058	-0.505859375	0.27734375	0.04296875
1308813002.068	-0.478515625	0.1328125	-0.03515625
1308813002.078	-0.7265625	0.20703125	0.005859375
1308813002.088	-0.677734375	0.205078125	0.080078125
1308813002.098	-0.826171875	0.21875	-0.00390625
1308813002.108	-0.84375	0.19921875	0.009765625
1308813002.118	-0.740234375	0.2109375	0.017578125
1308813002.128	-0.693359375	0.220703125	0.013671875
1308813002.137	-0.71875	0.23046875	0.005859375
1308813002.148	-0.751953125	0.208984375	0.01953125
1308813002.158	-0.7734375	0.22265625	0.005859375
1308813002.168	-0.693359375	0.21875	0.01953125
1308813002.178	-0.751953125	0.23046875	0.009765625
1308813002.188	-0.724609375	0.212890625	0.015625
1308813002.198	-0.75	0.21875	0.005859375
1308813002.208	-0.71875	0.212890625	0.01953125
1308813002.218	-0.716796875	0.205078125	0.021484375
1308813002.228	-0.712890625	0.2109375	0.0234375
1308813002.238	-0.771484375	0.21875	0.013671875
1308813002.248	-0.75	0.212890625	0.01953125
1308813002.258	-0.728515625	0.2109375	-0.02734375
1308813002.268	-0.708984375	0.177734375	0.0078125
1308813002.278	-0.755859375	0.248046875	0.0078125
1308813002.288	-0.744140625	0.21484375	0.0234375
1308813002.298	-0.716796875	0.19921875	0.00390625
1308813002.308	-0.7265625	0.201171875	0.015625
1308813002.318	-0.744140625	0.201171875	0.021484375
1308813002.328	-0.7421875	0.234375	0.01953125
1308813002.338	-0.744140625	0.216796875	0.0
1308813002.348	-0.724609375	0.232421875	0.02734375
1308813002.358	-0.740234375	0.224609375	0.015625
1308813002.368	-0.7421875	0.220703125	0.02734375
1308813002.378	-0.732421875	0.21875	0.01171875
1308813002.390	-0.72265625	0.21875	0.013671875
1308813002.397	-0.748046875	0.220703125	0.017578125
1308813002.408	-0.748046875	0.216796875	0.04296875
1308813002.418	-0.763671875	0.24609375	0.01953125
1308813002.430	-0.787109375	0.26171875	0.0390625
1308813002.437	-0.814453125	0.29296875	0.033203125
1308813002.448	-0.84765625	0.228515625	0.05078125
1308813002.458	-0.845703125	0.24609375	0.017578125
1308813002.468	-0.8671875	0.283203125	0.009765625
1308813002.478	-0.888671875	0.240234375	0.04296875
1308813002.488	-0.912109375	0.228515625	0.013671875
1308813002.498	-0.9140625	0.216796875	0.025390625
1308813002.508	-0.896484375	0.20703125	0.06640625
1308813002.518	-0.892578125	0.2265625	0.0390625
1308813002.528	-0.865234375	0.248046875	0.0703125
1308813002.538	-0.876953125	0.248046875	0.044921875
1308813002.548	-0.84375	0.2890625	0.029296875
1308813002.558	-0.83984375	0.330078125	-0.029296875
1308813002.568	-0.796875	0.345703125	-0.068359375
1308813002.578	-0.751953125	0.337890625	-0.0625
1308813002.588	-0.703125	0.3359375	-0.029296875
1308813002.598	-0.671875	0.2890625	0.009765625
1308813002.608	-0.654296875	0.2890625	0.005859375
1308813002.618	-0.640625	0.263671875	-0.033203125
1308813002.628	-0.6328125	0.232421875	0.001953125
1308813002.638	-0.625	0.255859375	-0.00390625
1308813002.648	-0.638671875	0.2265625	0.05078125
1308813002.658	-0.642578125	0.1875	0.046875
1308813002.668	-0.625	0.177734375	0.02734375
1308813002.678	-0.62109375	0.173828125	0.05859375
1308813002.688	-0.615234375	0.146484375	0.056640625
1308813002.698	-0.611328125	0.177734375	0.03515625
1308813002.708	-0.591796875	0.16015625	0.048828125
1308813002.718	-0.607421875	0.171875	0.095703125
1308813002.728	-0.62890625	0.171875	0.0859375
1308813002.738	-0.6484375	0.24609375	0.08203125
1308813002.748	-0.654296875	0.234375	0.076171875
1308813002.758	-0.681640625	0.279296875	0.02734375
1308813002.768	-0.673828125	0.271484375	0.0234375
1308813002.778	-0.6484375	0.240234375	0.046875
1308813002.788	-0.65234375	0.22265625	0.0703125
1308813002.798	-0.63671875	0.240234375	0.048828125
1308813002.808	-0.685546875	0.263671875	0.03125
1308813002.818	-0.701171875	0.279296875	0.013671875
1308813002.828	-0.6484375	0.265625	0.072265625
1308813002.838	-0.671875	0.2421875	0.06640625
1308813002.848	-0.658203125	0.1796875	0.072265625
1308813002.858	-0.67578125	0.220703125	0.0390625
1308813002.868	-0.703125	0.26953125	0.0078125
1308813002.878	-0.6953125	0.31640625	0.001953125
1308813002.888	-0.724609375	0.390625	-0.0234375
1308813002.898	-0.712890625	0.41796875	-0.07421875
1308813002.908	-0.697265625	0.27734375	-0.0234375
1308813002.918	-0.607421875	0.2109375	0.310546875
1308813002.928	-0.625	0.203125	0.177734375
1308813002.938	-0.44921875	0.005859375	-0.43359375
1308813002.948	-0.546875	-0.130859375	-0.1640625
1308813002.958	-0.478515625	-0.06640625	-0.021484375
1308813002.968	-0.529296875	0.15234375	0.005859375
1308813002.978	-0.494140625	0.326171875	-0.07421875
1308813002.988	-0.513671875	0.21484375	-0.009765625
1308813002.998	-0.5234375	0.162109375	0.009765625
1308813003.008	-0.537109375	0.044921875	-0.029296875
1308813003.018	-0.513671875	0.0703125	0.01171875
1308813003.028	-0.5625	0.04296875	0.08203125
1308813003.038	-0.52734375	0.064453125	0.068359375
1308813003.048	-0.57421875	0.09765625	0.0390625
1308813003.058	-0.548828125	0.07421875	0.013671875
1308813003.068	-0.625	0.38671875	0.18359375
1308813003.078	-2.228515625	2.94921875	0.279296875
1308813003.088	-4.744140625	0.30078125	-0.087890625
1308813003.098	-0.599609375	0.13671875	0.064453125
1308813003.108	-0.9140625	0.60546875	0.3203125
1308813003.118	-1.15625	0.212890625	-0.212890625
1308813003.128	0.298828125	0.181640625	-0.5390625
1308813003.137	-0.728515625	-0.14453125	-0.232421875
1308813003.148	-0.15625	0.515625	0.3203125
1308813003.158	-0.443359375	-0.220703125	-0.08203125
1308813003.168	-0.515625	0.05859375	-0.279296875
1308813003.178	-0.408203125	-0.19140625	-0.1875
1308813003.188	-0.533203125	0.220703125	-0.05078125
1308813003.198	-0.556640625	0.138671875	0.18359375
1308813003.208	-0.44921875	0.259765625	0.162109375
1308813003.218	-0.82421875	0.591796875	0.01953125
1308813003.228	-1.16796875	0.171875	-0.025390625
1308813003.238	-1.716796875	0.23828125	0.080078125
1308813003.248	-0.953125	0.201171875	0.056640625
1308813003.258	-0.814453125	0.21484375	0.064453125
1308813003.268	-0.466796875	0.2421875	0.0
1308813003.278	-0.408203125	0.255859375	-0.0390625
1308813003.288	-0.55078125	0.140625	0.0078125
1308813003.298	-0.64453125	0.228515625	0.0
1308813003.308	-0.7265625	0.234375	0.03125
1308813003.318	-0.91796875	0.224609375	0.001953125
1308813003.328	-0.826171875	0.212890625	0.017578125
1308813003.338	-0.77734375	0.21484375	0.01953125
1308813003.348	-0.662109375	0.2109375	0.0
1308813003.358	-0.732421875	0.203125	0.009765625
1308813003.368	-0.70703125	0.244140625	0.03125
1308813003.378	-0.7734375	0.201171875	0.01171875
1308813003.388	-0.744140625	0.189453125	-0.00390625
1308813003.398	-0.71484375	0.197265625	0.017578125
1308813003.408	-0.71484375	0.201171875	0.015625
1308813003.418	-0.75390625	0.236328125	0.009765625
1308813003.428	-0.734375	0.2265625	0.00390625
1308813003.438	-0.740234375	0.185546875	0.005859375
1308813003.448	-0.75	0.2109375	0.015625
1308813003.458	-0.7578125	0.205078125	0.01171875
1308813003.468	-0.71875	0.216796875	-0.001953125
1308813003.478	-0.70703125	0.20703125	0.025390625
1308813003.488	-0.7265625	0.216796875	0.0234375
1308813003.498	-0.76171875	0.212890625	0.001953125
1308813003.508	-0.7421875	0.212890625	0.0078125
1308813003.518	-0.71484375	0.265625	-0.091796875
1308813003.528	-0.74609375	0.10546875	0.158203125
1308813003.538	-0.751953125	0.181640625	-0.00390625
1308813003.548	-0.75	0.20703125	0.025390625
1308813003.558	-0.755859375	0.220703125	0.009765625
1308813003.568	-0.7578125	0.248046875	0.009765625
1308813003.578	-0.771484375	0.244140625	0.021484375
1308813003.588	-0.767578125	0.30078125	-0.01953125
1308813003.598	-0.8046875	0.365234375	-0.048828125
1308813003.608	-0.83203125	0.310546875	-0.03125
1308813003.618	-0.8515625	0.30859375	-0.0234375
1308813003.628	-0.884765625	0.302734375	-0.0234375
1308813003.637	-0.916015625	0.2890625	-0.029296875
1308813003.648	-0.8984375	0.255859375	0.025390625
1308813003.658	-0.892578125	0.271484375	0.013671875
1308813003.668	-0.873046875	0.298828125	-0.046875
1308813003.678	-0.875	0.32421875	-0.017578125
1308813003.688	-0.865234375	0.248046875	0.0234375
1308813003.698	-0.869140625	0.1953125	0.060546875
1308813003.708	-0.802734375	0.22265625	0.07421875
1308813003.718	-0.755859375	0.203125	0.046875
1308813003.727	-0.728515625	0.203125	0.041015625
1308813003.737	-0.6875	0.19921875	0.072265625
1308813003.748	-0.681640625	0.205078125	0.0625
1308813003.758	-0.673828125	0.22265625	0.04296875
1308813003.768	-0.6953125	0.23046875	0.033203125
1308813003.778	-0.6875	0.23046875	0.01171875
1308813003.788	-0.681640625	0.2578125	0.029296875
1308813003.798	-0.69140625	0.22265625	0.02734375
1308813003.808	-0.66796875	0.22265625	0.052734375
1308813003.818	-0.66015625	0.24609375	0.021484375
1308813003.828	-0.658203125	0.234375	0.025390625
1308813003.838	-0.626953125	0.224609375	0.060546875
1308813003.848	-0.646484375	0.224609375	0.044921875
1308813003.858	-0.64453125	0.2109375	0.037109375
1308813003.868	-0.64453125	0.203125	0.037109375
1308813003.878	-0.62890625	0.228515625	-0.005859375
1308813003.888	-0.626953125	0.24609375	0.025390625
1308813003.898	-0.638671875	0.236328125	0.01953125
1308813003.908	-0.65234375	0.216796875	0.03125
1308813003.918	-0.65625	0.1953125	0.05859375
1308813003.928	-0.654296875	0.205078125	0.0390625
1308813003.938	-0.66015625	0.189453125	0.052734375
1308813003.948	-0.642578125	0.19140625	0.064453125
1308813003.958	-0.642578125	0.2265625	0.04296875
1308813003.968	-0.654296875	0.244140625	0.033203125
1308813003.978	-0.642578125	0.2421875	0.029296875
1308813003.988	-0.69921875	0.259765625	0.044921875
1308813003.998	-0.720703125	0.275390625	0.044921875
1308813004.008	-0.689453125	0.240234375	0.048828125
1308813004.018	-0.712890625	0.3046875	0.025390625
1308813004.028	-0.681640625	0.294921875	0.03515625
1308813004.038	-0.67578125	0.287109375	0.033203125
1308813004.047	-0.6875	0.267578125	0.056640625
1308813004.058	-0.677734375	0.267578125	0.0234375
1308813004.068	-0.68359375	0.287109375	0.009765625
1308813004.078	-0.662109375	0.28125	0.00390625
1308813004.088	-0.6875	0.310546875	0.01171875
1308813004.098	-0.662109375	0.20703125	0.025390625
1308813004.108	-0.662109375	0.177734375	0.060546875
1308813004.118	-0.654296875	0.134765625	0.060546875
1308813004.128	-0.65625	0.146484375	0.05078125
1308813004.137	-0.498046875	-0.046875	-0.240234375
1308813004.148	-0.513671875	0.21875	0.046875
1308813004.158	-0.486328125	0.18359375	0.025390625
1308813004.168	-0.529296875	0.236328125	-0.07421875
1308813004.178	-0.498046875	0.12890625	-0.091796875
1308813004.188	-0.515625	0.037109375	-0.0078125
1308813004.198	-0.5390625	0.087890625	0.0078125
1308813004.208	-0.521484375	0.1796875	0.021484375
1308813004.218	-0.5390625	0.0859375	0.0390625
1308813004.228	-0.537109375	-0.001953125	0.05078125
1308813004.238	-0.5546875	0.06640625	-0.025390625
1308813004.248	-0.564453125	0.119140625	-0.0078125
1308813004.258	-0.58203125	0.306640625	0.06640625
1308813004.268	-1.375	3.296875	0.296875
1308813004.278	-4.150390625	0.37109375	-0.18359375
1308813004.288	-1.005859375	-0.353515625	-0.115234375
1308813004.298	-0.998046875	0.69921875	0.232421875
1308813004.308	-1.271484375	0.08984375	0.361328125
1308813004.318	0.220703125	0.537109375	0.083984375
1308813004.328	-0.638671875	-0.2109375	-0.046875
1308813004.338	-0.517578125	0.38671875	0.08203125
1308813004.348	-0.21875	-0.19140625	-0.05078125
1308813004.358	-0.533203125	0.3359375	-0.224609375
1308813004.368	-0.373046875	-0.154296875	-0.349609375
1308813004.378	-0.5	-0.01171875	-0.087890625
1308813004.388	-0.572265625	0.123046875	0.037109375
1308813004.398	-0.470703125	0.24609375	0.171875
1308813004.408	-0.7890625	0.634765625	0.138671875
1308813004.418	-1.056640625	0.34765625	0.166015625
1308813004.428	-1.576171875	0.1171875	-0.046875
1308813004.438	-1.24609375	0.23046875	-0.0390625
1308813004.448	-0.7890625	0.193359375	-0.005859375
1308813004.458	-0.61328125	0.30078125	0.044921875
1308813004.468	-0.37109375	0.1171875	-0.064453125
1308813004.478	-0.5546875	0.208984375	-0.017578125
1308813004.488	-0.642578125	0.19140625	0.01171875
1308813004.498	-0.705078125	0.181640625	0.048828125
1308813004.508	-0.82421875	0.177734375	-0.013671875
1308813004.518	-0.83203125	0.21484375	0.00390625
1308813004.528	-0.83203125	0.21875	0.01171875
1308813004.538	-0.6953125	0.208984375	-0.001953125
1308813004.548	-0.703125	0.20703125	0.01171875
1308813004.558	-0.724609375	0.205078125	0.013671875
1308813004.568	-0.740234375	0.203125	0.0078125
1308813004.578	-0.759765625	0.20703125	-0.001953125
1308813004.588	-0.734375	0.201171875	0.005859375
1308813004.598	-0.705078125	0.2109375	0.0078125
1308813004.608	-0.728515625	0.205078125	0.01953125
1308813004.618	-0.7265625	0.208984375	0.0078125
1308813004.628	-0.751953125	0.197265625	-0.009765625
1308813004.638	-0.701171875	0.17578125	-0.001953125
1308813004.648	-0.798828125	0.2578125	-0.041015625
1308813004.658	-0.73046875	0.154296875	0.06640625
1308813004.668	-0.7265625	0.181640625	-0.029296875
1308813004.678	-0.708984375	0.189453125	0.017578125
1308813004.688	-0.76953125	0.21484375	0.013671875
1308813004.698	-0.75	0.21875	-0.005859375
1308813004.708	-0.744140625	0.1953125	-0.00390625
1308813004.718	-0.7578125	0.205078125	0.0234375
1308813004.728	-0.76953125	0.228515625	0.046875
1308813004.738	-0.765625	0.25	0.013671875
1308813004.748	-0.78515625	0.2734375	-0.005859375
1308813004.758	-0.78125	0.25	-0.037109375
1308813004.768	-0.794921875	0.306640625	-0.046875
1308813004.778	-0.78125	0.28125	0.01171875
1308813004.788	-0.806640625	0.271484375	0.052734375
1308813004.798	-0.826171875	0.259765625	0.03125
1308813004.808	-0.837890625	0.267578125	0.0078125
1308813004.818	-0.857421875	0.236328125	0.046875
1308813004.828	-0.876953125	0.23828125	0.064453125
1308813004.838	-0.888671875	0.24609375	0.021484375
1308813004.848	-0.8828125	0.267578125	0.029296875
1308813004.858	-0.861328125	0.240234375	0.005859375
1308813004.868	-0.837890625	0.259765625	-0.00390625
1308813004.878	-0.8125	0.255859375	-0.005859375
1308813004.887	-0.798828125	0.234375	-0.00390625
1308813004.898	-0.734375	0.22265625	0.005859375
1308813004.908	-0.728515625	0.220703125	0.0390625
1308813004.918	-0.701171875	0.201171875	0.03515625
1308813004.928	-0.69140625	0.220703125	0.0234375
1308813004.938	-0.66796875	0.259765625	-0.0234375
1308813004.948	-0.66015625	0.2265625	-0.01953125
1308813004.958	-0.66015625	0.212890625	-0.0078125
1308813004.968	-0.642578125	0.220703125	0.001953125
1308813004.978	-0.638671875	0.224609375	0.01953125
1308813004.988	-0.638671875	0.224609375	0.013671875
1308813004.998	-0.626953125	0.220703125	0.021484375
1308813005.008	-0.650390625	0.197265625	0.044921875
1308813005.018	-0.66796875	0.193359375	0.044921875
1308813005.028	-0.693359375	0.20703125	0.015625
1308813005.038	-0.705078125	0.18359375	0.056640625
1308813005.048	-0.708984375	0.193359375	0.05859375
1308813005.058	-0.703125	0.22265625	0.03125
1308813005.068	-0.697265625	0.240234375	0.013671875
1308813005.078	-0.666015625	0.234375	0.021484375
1308813005.088	-0.66015625	0.216796875	0.02734375
1308813005.098	-0.666015625	0.21875	0.03515625
1308813005.108	-0.662109375	0.224609375	0.041015625
1308813005.118	-0.658203125	0.244140625	0.02734375
1308813005.128	-0.6875	0.267578125	0.017578125
1308813005.138	-0.69140625	0.25390625	0.03125
1308813005.148	-0.671875	0.2578125	0.04296875
1308813005.158	-0.658203125	0.25390625	0.03125
1308813005.168	-0.701171875	0.25390625	0.046875
1308813005.178	-0.728515625	0.255859375	0.01953125
1308813005.188	-0.697265625	0.263671875	0.048828125
1308813005.198	-0.705078125	0.26953125	0.03515625
1308813005.208	-0.68359375	0.2421875	0.03125
1308813005.218	-0.705078125	0.248046875	0.08984375
1308813005.228	-0.7109375	0.234375	0.09765625
1308813005.238	-0.689453125	0.248046875	0.08203125
1308813005.248	-0.73828125	0.244140625	0.04296875
1308813005.258	-0.73046875	0.2421875	0.0390625
1308813005.268	-0.724609375	0.28125	0.015625
1308813005.278	-0.71875	0.26171875	0.01953125
1308813005.288	-0.7109375	0.2734375	0.0390625
1308813005.298	-0.716796875	0.259765625	0.015625
1308813005.308	-0.5625	0.193359375	-0.185546875
1308813005.318	-0.685546875	0.37109375	0.2109375
1308813005.328	-0.62109375	0.5	0.03515625
1308813005.338	-0.53125	0.11328125	-0.49609375
1308813005.348	-0.6015625	-0.2421875	0.060546875
1308813005.358	-0.486328125	-0.0234375	-0.025390625
1308813005.368	-0.54296875	0.365234375	-0.18359375
1308813005.378	-0.509765625	0.21875	-0.041015625
1308813005.387	-0.509765625	0.00390625	-0.021484375
1308813005.398	-0.5546875	0.095703125	-0.13671875
1308813005.408	-0.5078125	0.123046875	0.017578125
1308813005.418	-0.546875	0.0390625	0.037109375
1308813005.428	-0.552734375	0.119140625	0.02734375
1308813005.438	-0.541015625	0.095703125	0.037109375
1308813005.448	-0.548828125	0.07421875	0.099609375
1308813005.458	-0.5390625	0.078125	0.091796875
1308813005.468	-0.697265625	1.103515625	0.150390625
1308813005.478	-2.5234375	1.265625	0.060546875
1308813005.488	-3.685546875	0.05859375	-0.123046875
1308813005.498	-0.79296875	0.2109375	0.056640625
1308813005.508	-0.85546875	0.638671875	-0.041015625
1308813005.518	-0.76171875	0.642578125	-0.140625
1308813005.528	0.10546875	-0.193359375	0.048828125
1308813005.538	-0.775390625	0.251953125	0.21484375
1308813005.548	-0.12890625	0.3046875	0.130859375
1308813005.558	-0.51171875	-0.19921875	-0.240234375
1308813005.568	-0.537109375	0.162109375	-0.318359375
1308813005.578	-0.40625	-0.173828125	-0.201171875
1308813005.588	-0.546875	0.173828125	0.068359375
1308813005.598	-0.587890625	0.31640625	0.24609375
1308813005.607	-0.634765625	0.62890625	0.0
1308813005.618	-1.14453125	0.43359375	0.099609375
1308813005.628	-1.36328125	0.150390625	-0.005859375
1308813005.638	-1.259765625	0.22265625	-0.015625
1308813005.648	-0.751953125	0.21484375	0.015625
1308813005.658	-0.65234375	0.185546875	-0.015625
1308813005.668	-0.373046875	0.15625	-0.01171875
1308813005.678	-0.568359375	0.208984375	0.0234375
1308813005.688	-0.65234375	0.193359375	-0.01171875
1308813005.698	-0.728515625	0.220703125	0.0390625
1308813005.708	-0.826171875	0.21484375	0.015625
1308813005.718	-0.849609375	0.244140625	0.0078125
1308813005.728	-0.751953125	0.1875	-0.00390625
1308813005.738	-0.705078125	0.212890625	0.001953125
1308813005.748	-0.705078125	0.23046875	0.001953125
1308813005.758	-0.74609375	0.21484375	0.0
1308813005.768	-0.767578125	0.205078125	0.01171875
1308813005.778	-0.71875	0.19921875	0.0078125
1308813005.787	-0.72265625	0.216796875	-0.00390625
1308813005.798	-0.712890625	0.19921875	0.00390625
1308813005.808	-0.744140625	0.208984375	-0.005859375
1308813005.818	-0.72265625	0.21484375	0.0234375
1308813005.828	-0.71484375	0.208984375	-0.00390625
1308813005.838	-0.71875	0.197265625	-0.01171875
1308813005.848	-0.783203125	0.2109375	-0.0078125
1308813005.858	-0.75390625	0.201171875	0.017578125
1308813005.868	-0.697265625	0.224609375	0.001953125
1308813005.878	-0.7109375	0.2109375	0.0
1308813005.888	-0.740234375	0.224609375	0.005859375
1308813005.898	-0.748046875	0.220703125	-0.005859375
1308813005.908	-0.732421875	0.201171875	0.01171875
1308813005.918	-0.73828125	0.203125	0.00390625
1308813005.928	-0.71875	0.2890625	-0.076171875
1308813005.938	-0.75	0.18359375	0.138671875
1308813005.948	-0.751953125	0.224609375	-0.00390625
1308813005.958	-0.8203125	0.20703125	-0.00390625
1308813005.968	-0.744140625	0.21484375	0.001953125
1308813005.978	-0.779296875	0.22265625	0.041015625
1308813005.988	-0.759765625	0.224609375	0.0234375
1308813005.998	-0.783203125	0.255859375	0.083984375
1308813006.009	-0.796875	0.263671875	0.00390625
1308813006.018	-0.796875	0.3125	-0.01953125
1308813006.028	-0.861328125	0.30078125	-0.076171875
1308813006.038	-0.873046875	0.333984375	-0.06640625
1308813006.048	-0.94140625	0.240234375	-0.013671875
1308813006.058	-0.9609375	0.2578125	-0.029296875
1308813006.068	-0.9296875	0.27734375	-0.00390625
1308813006.078	-0.935546875	0.201171875	0.048828125
1308813006.088	-0.8828125	0.205078125	0.080078125
1308813006.098	-0.86328125	0.1953125	0.0234375
1308813006.108	-0.806640625	0.2578125	0.001953125
1308813006.118	-0.755859375	0.265625	0.021484375
1308813006.127	-0.744140625	0.265625	0.00390625
1308813006.137	-0.68359375	0.232421875	0.01171875
1308813006.148	-0.65234375	0.2265625	0.029296875
1308813006.158	-0.662109375	0.205078125	0.033203125
1308813006.168	-0.626953125	0.19921875	0.00390625
1308813006.178	-0.63671875	0.234375	0.013671875
1308813006.188	-0.6171875	0.228515625	0.013671875
1308813006.198	-0.64453125	0.2421875	-0.017578125
1308813006.208	-0.625	0.228515625	-0.00390625
1308813006.218	-0.65625	0.25	0.005859375
1308813006.228	-0.642578125	0.23046875	-0.017578125
1308813006.238	-0.67578125	0.220703125	0.044921875
1308813006.248	-0.6796875	0.21875	0.021484375
1308813006.258	-0.701171875	0.2265625	0.0390625
1308813006.268	-0.728515625	0.224609375	0.060546875
1308813006.278	-0.734375	0.21484375	0.060546875
1308813006.288	-0.736328125	0.19921875	0.029296875
1308813006.298	-0.71875	0.216796875	0.064453125
1308813006.308	-0.71875	0.220703125	0.013671875
1308813006.318	-0.69140625	0.201171875	0.041015625
1308813006.328	-0.666015625	0.240234375	-0.00390625
1308813006.338	-0.666015625	0.248046875	0.015625
1308813006.348	-0.642578125	0.23828125	-0.001953125
1308813006.358	-0.64453125	0.240234375	0.009765625
1308813006.368	-0.6328125	0.251953125	0.009765625
1308813006.378	-0.650390625	0.25	0.01171875
1308813006.388	-0.681640625	0.2734375	0.03125
1308813006.398	-0.677734375	0.271484375	0.009765625
1308813006.408	-0.708984375	0.279296875	0.0078125
1308813006.418	-0.71484375	0.236328125	-0.005859375
1308813006.428	-0.728515625	0.244140625	-0.01171875
1308813006.438	-0.724609375	0.267578125	0.013671875
1308813006.448	-0.72265625	0.271484375	0.0234375
1308813006.458	-0.70703125	0.265625	0.056640625
1308813006.468	-0.697265625	0.267578125	0.048828125
1308813006.478	-0.697265625	0.248046875	0.056640625
1308813006.488	-0.685546875	0.2421875	0.095703125
1308813006.498	-0.705078125	0.255859375	0.052734375
1308813006.508	-0.69921875	0.255859375	0.04296875
1308813006.518	-0.6875	0.275390625	0.01953125
1308813006.528	-0.669921875	0.236328125	0.029296875
1308813006.538	-0.6328125	0.208984375	0.01171875
1308813006.548	-0.62890625	0.23828125	-0.029296875
1308813006.558	-0.625	0.287109375	-0.064453125
1308813006.568	-0.619140625	0.27734375	-0.064453125
1308813006.578	-0.60546875	0.201171875	-0.0546875
1308813006.588	-0.490234375	-0.134765625	-0.12109375
1308813006.598	-0.568359375	-0.2421875	0.04296875
1308813006.608	-0.474609375	0.23046875	-0.115234375
1308813006.618	-0.541015625	0.169921875	-0.0234375
1308813006.628	-0.501953125	0.1953125	0.126953125
1308813006.638	-0.51953125	0.123046875	-0.0546875
1308813006.648	-0.541015625	0.076171875	-0.083984375
1308813006.658	-0.53515625	0.05078125	0.080078125
1308813006.668	-0.56640625	0.1171875	0.08203125
1308813006.678	-0.548828125	0.123046875	-0.01953125
1308813006.688	-0.54296875	0.037109375	-0.021484375
1308813006.698	-0.578125	0.013671875	0.03125
1308813006.708	-0.66796875	1.318359375	-0.07421875
1308813006.718	-2.669921875	0.5703125	0.703125
1308813006.728	-3.802734375	-0.263671875	-0.2421875
1308813006.738	-0.76171875	0.201171875	0.06640625
1308813006.747	-0.9375	0.37109375	0.1640625
1308813006.758	-0.7578125	0.72265625	-0.498046875
1308813006.768	0.197265625	-0.029296875	0.314453125
1308813006.778	-0.814453125	0.169921875	0.572265625
1308813006.787	-0.16015625	0.30078125	0.4453125
1308813006.798	-0.53125	-0.111328125	-0.126953125
1308813006.808	-0.490234375	0.12109375	-0.3671875
1308813006.818	-0.40234375	-0.10546875	-0.244140625
1308813006.828	-0.55859375	0.115234375	-0.10546875
1308813006.838	-0.623046875	0.38671875	0.1875
1308813006.848	-0.6953125	0.361328125	0.072265625
1308813006.858	-1.09375	0.3515625	-0.02734375
1308813006.868	-1.392578125	0.232421875	0.048828125
1308813006.878	-1.298828125	0.25	-0.017578125
1308813006.888	-0.732421875	0.220703125	0.033203125
1308813006.898	-0.666015625	0.22265625	0.01953125
1308813006.908	-0.3828125	0.095703125	-0.07421875
1308813006.918	-0.619140625	0.181640625	0.029296875
1308813006.928	-0.677734375	0.171875	0.015625
1308813006.938	-0.724609375	0.205078125	0.03515625
1308813006.951	-0.84765625	0.181640625	-0.00390625
1308813006.957	-0.849609375	0.21875	-0.021484375
1308813006.968	-0.71484375	0.208984375	-0.001953125
1308813006.978	-0.685546875	0.216796875	0.001953125
1308813006.988	-0.736328125	0.193359375	0.009765625
1308813006.998	-0.75390625	0.201171875	-0.001953125
1308813007.008	-0.734375	0.220703125	-0.005859375
1308813007.019	-0.736328125	0.228515625	0.01953125
1308813007.030	-0.75390625	0.205078125	0.001953125
1308813007.037	-0.734375	0.201171875	0.0234375
1308813007.048	-0.74609375	0.189453125	0.025390625
1308813007.058	-0.744140625	0.203125	0.01171875
1308813007.068	-0.72265625	0.189453125	0.009765625
1308813007.078	-0.7421875	0.181640625	-0.0078125
1308813007.088	-0.76953125	0.205078125	0.009765625
1308813007.098	-0.76171875	0.19921875	0.01171875
1308813007.108	-0.71484375	0.2109375	-0.02734375
1308813007.118	-0.724609375	0.20703125	0.00390625
1308813007.128	-0.736328125	0.201171875	-0.00390625
1308813007.137	-0.73046875	0.162109375	0.05078125
1308813007.148	-0.712890625	0.181640625	0.0078125
1308813007.158	-0.763671875	0.203125	0.04296875
1308813007.168	-0.76953125	0.220703125	0.03125
1308813007.178	-0.755859375	0.228515625	0.0
1308813007.188	-0.74609375	0.220703125	0.03515625
1308813007.198	-0.796875	0.2109375	0.07421875
1308813007.208	-0.818359375	0.236328125	0.103515625
1308813007.218	-0.796875	0.24609375	0.048828125
1308813007.228	-0.806640625	0.283203125	-0.037109375
1308813007.238	-0.8125	0.3203125	-0.091796875
1308813007.248	-0.8359375	0.3359375	-0.07421875
1308813007.258	-0.86328125	0.283203125	-0.037109375
1308813007.268	-0.892578125	0.197265625	0.033203125
1308813007.278	-0.92578125	0.25	0.01953125
1308813007.288	-0.921875	0.236328125	0.056640625
1308813007.298	-0.908203125	0.1953125	0.076171875
1308813007.308	-0.85546875	0.203125	0.0703125
1308813007.318	-0.837890625	0.23828125	0.03125
1308813007.328	-0.8125	0.203125	0.052734375
1308813007.338	-0.787109375	0.22265625	0.056640625
1308813007.348	-0.76953125	0.23828125	0.03125
1308813007.358	-0.744140625	0.224609375	0.033203125
1308813007.368	-0.73828125	0.2421875	-0.01953125
1308813007.378	-0.708984375	0.21875	-0.033203125
1308813007.387	-0.70703125	0.2265625	0.029296875
1308813007.398	-0.701171875	0.185546875	0.046875
1308813007.408	-0.669921875	0.19140625	0.025390625
1308813007.418	-0.68359375	0.17578125	0.052734375
1308813007.428	-0.673828125	0.173828125	0.03125
1308813007.438	-0.662109375	0.201171875	0.02734375
1308813007.448	-0.662109375	0.16015625	0.037109375
1308813007.458	-0.658203125	0.18359375	0.046875
1308813007.468	-0.662109375	0.240234375	0.05859375
1308813007.478	-0.662109375	0.248046875	0.037109375
1308813007.488	-0.662109375	0.2578125	0.00390625
1308813007.498	-0.654296875	0.25390625	0.005859375
1308813007.508	-0.6796875	0.263671875	0.021484375
1308813007.518	-0.63671875	0.23828125	0.060546875
1308813007.528	-0.654296875	0.23828125	0.013671875
1308813007.538	-0.662109375	0.2265625	0.03515625
1308813007.548	-0.662109375	0.20703125	0.068359375
1308813007.558	-0.681640625	0.26171875	0.048828125
1308813007.568	-0.685546875	0.25	0.005859375
1308813007.578	-0.693359375	0.244140625	0.013671875
1308813007.588	-0.677734375	0.25	0.04296875
1308813007.598	-0.689453125	0.24609375	0.009765625
1308813007.608	-0.654296875	0.265625	0.009765625
1308813007.618	-0.6484375	0.275390625	0.015625
1308813007.627	-0.62890625	0.259765625	-0.033203125
1308813007.638	-0.626953125	0.275390625	0.009765625
1308813007.648	-0.701171875	0.251953125	0.005859375
1308813007.658	-0.6796875	0.306640625	0.00390625
1308813007.668	-0.689453125	0.2890625	0.033203125
1308813007.678	-0.720703125	0.232421875	0.0390625
1308813007.688	-0.6796875	0.189453125	0.09375
1308813007.698	-0.685546875	0.201171875	0.06640625
1308813007.708	-0.65234375	0.224609375	0.05859375
1308813007.718	-0.654296875	0.302734375	-0.021484375
1308813007.728	-0.666015625	0.361328125	-0.048828125
1308813007.738	-0.646484375	0.259765625	-0.001953125
1308813007.748	-0.662109375	0.1484375	0.03515625
1308813007.758	-0.53125	-0.06640625	-0.009765625
1308813007.768	-0.576171875	-0.033203125	0.28515625
1308813007.778	-0.46484375	-0.12109375	-0.232421875
1308813007.788	-0.525390625	0.287109375	-0.201171875
1308813007.798	-0.4921875	0.095703125	0.025390625
1308813007.808	-0.509765625	0.26171875	0.115234375
1308813007.818	-0.529296875	0.212890625	-0.0546875
1308813007.828	-0.509765625	0.044921875	-0.041015625
1308813007.838	-0.537109375	0.009765625	-0.025390625
1308813007.848	-0.541015625	0.140625	0.001953125
1308813007.858	-0.548828125	0.103515625	-0.021484375
1308813007.868	-0.54296875	0.08203125	0.01171875
1308813007.878	-0.55859375	0.087890625	-0.015625
1308813007.888	-0.580078125	0.044921875	0.009765625
1308813007.898	-0.541015625	0.0234375	0.01171875
1308813007.908	-1.4375	2.369140625	0.611328125
1308813007.918	-4.76953125	0.39453125	0.064453125
1308813007.928	-0.455078125	-0.134765625	-0.01953125
1308813007.938	-1.17578125	0.46484375	0.41015625
1308813007.948	-1.337890625	0.24609375	-0.0625
1308813007.958	0.2734375	-0.02734375	-0.29296875
1308813007.968	-0.615234375	-0.2109375	0.337890625
1308813007.978	-0.490234375	0.501953125	0.44140625
1308813007.988	-0.2578125	-0.244140625	-0.01171875
1308813007.998	-0.576171875	0.3046875	-0.2109375
1308813008.008	-0.408203125	-0.1484375	-0.2578125
1308813008.018	-0.494140625	0.05078125	-0.10546875
1308813008.028	-0.55859375	0.11328125	0.10546875
1308813008.038	-0.4921875	0.22265625	0.248046875
1308813008.048	-0.791015625	0.51953125	-0.064453125
1308813008.058	-0.884765625	0.369140625	0.080078125
1308813008.068	-1.546875	0.240234375	0.072265625
1308813008.078	-1.326171875	0.185546875	0.001953125
1308813008.088	-0.880859375	0.1328125	0.00390625
1308813008.098	-0.607421875	0.220703125	-0.03515625
1308813008.108	-0.427734375	0.171875	-0.005859375
1308813008.118	-0.55078125	0.125	-0.00390625
1308813008.127	-0.638671875	0.208984375	0.021484375
1308813008.137	-0.71484375	0.1796875	0.03515625
1308813008.148	-0.751953125	0.203125	0.013671875
1308813008.158	-0.861328125	0.177734375	0.0
1308813008.168	-0.806640625	0.19921875	0.00390625
1308813008.178	-0.732421875	0.177734375	0.0078125
1308813008.188	-0.685546875	0.173828125	0.0
1308813008.198	-0.744140625	0.19140625	0.0078125
1308813008.208	-0.73046875	0.19921875	0.01171875
1308813008.218	-0.771484375	0.1875	0.025390625
1308813008.228	-0.7265625	0.185546875	0.01171875
1308813008.238	-0.734375	0.1953125	0.0078125
1308813008.248	-0.7265625	0.181640625	0.009765625
1308813008.258	-0.716796875	0.1953125	0.0234375
1308813008.268	-0.732421875	0.18359375	0.015625
1308813008.278	-0.75	0.19140625	0.01171875
1308813008.288	-0.734375	0.1953125	0.00390625
1308813008.298	-0.732421875	0.173828125	0.013671875
1308813008.308	-0.734375	0.18359375	0.025390625
1308813008.318	-0.748046875	0.17578125	0.005859375
1308813008.327	-0.73828125	0.189453125	0.00390625
1308813008.338	-0.7421875	0.1875	0.0078125
1308813008.348	-0.748046875	0.18359375	0.017578125
1308813008.358	-0.71875	0.201171875	0.017578125
1308813008.368	-0.70703125	0.197265625	0.009765625
1308813008.378	-0.73046875	0.17578125	0.02734375
1308813008.388	-0.787109375	0.130859375	0.052734375
1308813008.398	-0.73828125	0.212890625	-0.0625
1308813008.408	-0.72265625	0.185546875	0.013671875
1308813008.418	-0.751953125	0.197265625	0.01171875
1308813008.428	-0.763671875	0.193359375	0.01171875
1308813008.438	-0.7578125	0.201171875	0.0390625
1308813008.448	-0.744140625	0.205078125	0.029296875
1308813008.458	-0.798828125	0.255859375	0.08203125
1308813008.468	-0.845703125	0.234375	0.05078125
1308813008.478	-0.873046875	0.240234375	0.03125
1308813008.488	-0.89453125	0.267578125	-0.01953125
1308813008.498	-0.888671875	0.29296875	-0.02734375
1308813008.508	-0.912109375	0.283203125	-0.06640625
1308813008.518	-0.923828125	0.23828125	0.0
1308813008.528	-0.91796875	0.220703125	-0.01953125
1308813008.538	-0.876953125	0.255859375	-0.046875
1308813008.548	-0.833984375	0.248046875	-0.00390625
1308813008.558	-0.8046875	0.240234375	0.02734375
1308813008.568	-0.765625	0.24609375	0.021484375
1308813008.578	-0.744140625	0.25	-0.0078125
1308813008.588	-0.71875	0.251953125	0.013671875
1308813008.598	-0.693359375	0.255859375	-0.00390625
1308813008.608	-0.6875	0.25390625	0.021484375
1308813008.618	-0.6796875	0.189453125	0.0390625
1308813008.628	-0.69921875	0.18359375	0.037109375
1308813008.638	-0.6875	0.16796875	0.04296875
1308813008.648	-0.69140625	0.193359375	0.025390625
1308813008.658	-0.69921875	0.201171875	0.03515625
1308813008.668	-0.6953125	0.1796875	0.05078125
1308813008.678	-0.72265625	0.1875	0.060546875
1308813008.688	-0.724609375	0.193359375	0.041015625
1308813008.697	-0.708984375	0.21484375	0.029296875
1308813008.708	-0.71875	0.205078125	0.068359375
1308813008.718	-0.697265625	0.177734375	0.078125
1308813008.728	-0.677734375	0.189453125	0.08984375
1308813008.737	-0.673828125	0.109375	0.08984375
1308813008.748	-0.66796875	0.1796875	0.056640625
1308813008.758	-0.681640625	0.23046875	-0.00390625
1308813008.768	-0.638671875	0.21875	0.037109375
1308813008.778	-0.65625	0.2265625	0.021484375
1308813008.788	-0.654296875	0.2265625	0.017578125
1308813008.797	-0.630859375	0.232421875	0.00390625
1308813008.808	-0.626953125	0.240234375	-0.001953125
1308813008.818	-0.603515625	0.24609375	0.037109375
1308813008.828	-0.611328125	0.24609375	0.06640625
1308813008.837	-0.603515625	0.224609375	0.03125
1308813008.848	-0.62109375	0.220703125	0.048828125
1308813008.857	-0.689453125	0.251953125	0.0234375
1308813008.868	-0.66015625	0.251953125	0.03515625
1308813008.877	-0.67578125	0.279296875	0.00390625
1308813008.888	-0.681640625	0.26953125	-0.037109375
1308813008.897	-0.671875	0.275390625	-0.00390625
1308813008.908	-0.69921875	0.251953125	0.01171875
1308813008.917	-0.6640625	0.203125	0.046875
1308813008.928	-0.677734375	0.1875	0.0625
1308813008.937	-0.666015625	0.185546875	0.076171875
1308813008.948	-0.66796875	0.21484375	0.06640625
1308813008.957	-0.650390625	0.216796875	0.005859375
1308813008.968	-0.630859375	0.130859375	-0.00390625
1308813008.977	-0.486328125	-0.11328125	-0.251953125
1308813008.988	-0.521484375	0.021484375	-0.0546875
1308813008.997	-0.505859375	0.2109375	-0.025390625
1308813009.008	-0.52734375	0.28125	0.060546875
1308813009.017	-0.5234375	0.146484375	0.0234375
1308813009.028	-0.4921875	0.0703125	-0.08984375
1308813009.037	-0.537109375	0.03515625	-0.0703125
1308813009.048	-0.537109375	0.109375	0.033203125
1308813009.057	-0.544921875	0.123046875	0.03515625
1308813009.068	-0.544921875	0.09375	-0.015625
1308813009.077	-0.560546875	0.01953125	0.021484375
1308813009.088	-0.556640625	0.01953125	0.05078125
1308813009.097	-0.560546875	0.103515625	0.025390625
1308813009.108	-1.78125	3.0546875	0.17578125
1308813009.117	-4.220703125	-0.123046875	0.32421875
1308813009.128	-0.798828125	0.0390625	-0.16015625
1308813009.137	-1.0078125	0.50390625	0.099609375
1308813009.148	-1.267578125	0.419921875	-0.310546875
1308813009.157	0.216796875	0.234375	-0.06640625
1308813009.171	-0.75390625	0.19921875	0.06640625
1308813009.177	-0.439453125	0.314453125	0.11328125
1308813009.188	-0.37109375	-0.32421875	-0.072265625
1308813009.197	-0.5625	0.29296875	-0.2890625
1308813009.211	-0.41015625	-0.19140625	-0.275390625
1308813009.217	-0.515625	0.04296875	-0.025390625
1308813009.227	-0.568359375	0.154296875	0.119140625
1308813009.237	-0.453125	0.201171875	0.265625
1308813009.247	-0.751953125	0.4609375	-0.033203125
1308813009.257	-1.025390625	0.46484375	-0.076171875
1308813009.267	-1.55078125	0.2265625	0.056640625
1308813009.277	-1.240234375	0.267578125	-0.005859375
1308813009.287	-0.79296875	0.173828125	0.0
1308813009.297	-0.61328125	0.25	-0.0078125
1308813009.307	-0.39453125	0.087890625	-0.02734375
1308813009.317	-0.578125	0.146484375	0.005859375
1308813009.327	-0.6953125	0.203125	-0.01171875
1308813009.337	-0.728515625	0.181640625	0.03125
1308813009.347	-0.865234375	0.16796875	0.0078125
1308813009.357	-0.833984375	0.189453125	-0.0078125
1308813009.367	-0.759765625	0.169921875	-0.01171875
1308813009.377	-0.69140625	0.2109375	0.0078125
1308813009.387	-0.716796875	0.158203125	-0.00390625
1308813009.397	-0.75	0.197265625	0.009765625
1308813009.407	-0.74609375	0.193359375	0.01171875
1308813009.417	-0.74609375	0.189453125	0.015625
1308813009.427	-0.736328125	0.193359375	0.017578125
1308813009.437	-0.71484375	0.171875	0.00390625
1308813009.447	-0.75	0.181640625	0.0
1308813009.458	-0.728515625	0.17578125	0.00390625
1308813009.467	-0.73828125	0.1875	0.021484375
1308813009.477	-0.74609375	0.189453125	0.0078125
1308813009.487	-0.75390625	0.166015625	0.033203125
1308813009.497	-0.7421875	0.197265625	0.01171875
1308813009.507	-0.716796875	0.185546875	0.015625
1308813009.517	-0.728515625	0.20703125	0.046875
1308813009.527	-0.74609375	0.2109375	0.009765625
1308813009.537	-0.736328125	0.181640625	0.025390625
1308813009.547	-0.732421875	0.169921875	0.00390625
1308813009.557	-0.71484375	0.18359375	0.02734375
1308813009.567	-0.740234375	0.1796875	0.005859375
1308813009.577	-0.724609375	0.185546875	0.01171875
1308813009.587	-0.755859375	0.189453125	-0.005859375
1308813009.597	-0.73828125	0.185546875	0.0
1308813009.607	-0.736328125	0.20703125	-0.021484375
1308813009.617	-0.732421875	0.193359375	0.01953125
1308813009.629	-0.759765625	0.18359375	-0.001953125
1308813009.637	-0.771484375	0.19921875	0.0234375
1308813009.647	-0.78125	0.21875	0.00390625
1308813009.657	-0.783203125	0.2578125	-0.009765625
1308813009.667	-0.79296875	0.23046875	-0.001953125
1308813009.677	-0.828125	0.236328125	0.044921875
1308813009.689	-0.857421875	0.177734375	0.056640625
1308813009.697	-0.892578125	0.251953125	0.015625
1308813009.707	-0.900390625	0.251953125	-0.005859375
1308813009.718	-0.92578125	0.275390625	-0.03125
1308813009.727	-0.888671875	0.34375	-0.060546875
1308813009.737	-0.890625	0.28125	-0.041015625
1308813009.750	-0.8828125	0.26953125	-0.01171875
1308813009.757	-0.87109375	0.263671875	-0.01953125
1308813009.767	-0.82421875	0.259765625	-0.02734375
1308813009.777	-0.80859375	0.2578125	0.005859375
1308813009.787	-0.775390625	0.2109375	0.068359375
1308813009.797	-0.7421875	0.189453125	0.052734375
1308813009.808	-0.736328125	0.1796875	0.017578125
1308813009.817	-0.69921875	0.169921875	0.052734375
1308813009.827	-0.69140625	0.1640625	0.0703125
1308813009.837	-0.6796875	0.166015625	0.037109375
1308813009.847	-0.69140625	0.203125	0.05078125
1308813009.857	-0.705078125	0.1796875	0.05078125
1308813009.867	-0.71484375	0.158203125	0.0703125
1308813009.877	-0.71875	0.19921875	0.025390625
1308813009.887	-0.703125	0.203125	0.037109375
1308813009.897	-0.6796875	0.23046875	0.033203125
1308813009.907	-0.69921875	0.265625	0.037109375
1308813009.917	-0.6875	0.197265625	0.08203125
1308813009.927	-0.69140625	0.220703125	0.041015625
1308813009.937	-0.70703125	0.234375	0.046875
1308813009.947	-0.6875	0.2109375	0.046875
1308813009.957	-0.6953125	0.22265625	0.01953125
1308813009.967	-0.662109375	0.203125	0.064453125
1308813009.977	-0.646484375	0.203125	0.046875
1308813009.987	-0.62109375	0.216796875	0.03515625
1308813009.997	-0.630859375	0.234375	0.021484375
1308813010.008	-0.64453125	0.216796875	0.021484375
1308813010.017	-0.65234375	0.224609375	0.015625
1308813010.029	-0.654296875	0.205078125	0.01953125
1308813010.037	-0.634765625	0.212890625	0.021484375
1308813010.047	-0.646484375	0.203125	0.037109375
1308813010.057	-0.62109375	0.236328125	0.01171875
1308813010.067	-0.642578125	0.23046875	0.03125
1308813010.077	-0.630859375	0.208984375	0.0625
1308813010.087	-0.65234375	0.23046875	0.033203125
1308813010.097	-0.703125	0.248046875	0.02734375
1308813010.107	-0.71484375	0.255859375	0.021484375
1308813010.117	-0.6796875	0.271484375	0.060546875
1308813010.127	-0.703125	0.29296875	0.029296875
1308813010.137	-0.666015625	0.2890625	0.03125
1308813010.148	-0.681640625	0.28125	0.03125
1308813010.157	-0.662109375	0.294921875	0.03515625
1308813010.167	-0.658203125	0.28125	0.060546875
1308813010.177	-0.6796875	0.275390625	0.033203125
1308813010.187	-0.666015625	0.291015625	-0.001953125
1308813010.197	-0.6953125	0.322265625	-0.01171875
1308813010.207	-0.689453125	0.2890625	-0.001953125
1308813010.217	-0.67578125	0.166015625	0.087890625
1308813010.227	-0.642578125	0.10546875	-0.02734375
1308813010.237	-0.490234375	-0.109375	-0.1328125
1308813010.247	-0.546875	-0.189453125	-0.14453125
1308813010.257	-0.47265625	0.169921875	-0.046875
1308813010.267	-0.525390625	0.142578125	-0.00390625
1308813010.277	-0.515625	0.236328125	0.017578125
1308813010.287	-0.513671875	0.208984375	0.041015625
1308813010.297	-0.52734375	0.142578125	0.0234375
1308813010.307	-0.517578125	0.01171875	-0.013671875
1308813010.317	-0.537109375	0.037109375	0.005859375
1308813010.327	-0.552734375	0.126953125	0.046875
1308813010.337	-0.525390625	0.048828125	0.01171875
1308813010.347	-0.576171875	0.103515625	0.017578125
1308813010.357	-0.546875	0.048828125	0.0390625
1308813010.367	-0.576171875	0.03515625	0.056640625
1308813010.377	-0.5625	0.04296875	-0.02734375
1308813010.387	-0.712890625	0.97265625	0.2890625
1308813010.397	-3.509765625	1.064453125	-0.77734375
1308813010.408	-1.919921875	0.43359375	0.01953125
1308813010.417	-1.421875	0.25390625	-0.0625
1308813010.427	-1.271484375	1.876953125	-0.07421875
1308813010.437	-0.255859375	-0.576171875	-1.0234375
1308813010.447	0.0625	-0.28125	-0.341796875
1308813010.457	-0.84375	0.521484375	0.265625
1308813010.467	-0.044921875	-0.021484375	-0.021484375
1308813010.477	-0.55078125	-0.048828125	-0.12890625
1308813010.487	-0.39453125	-0.037109375	-0.20703125
1308813010.497	-0.46875	-0.1796875	-0.13671875
1308813010.507	-0.5390625	0.201171875	0.111328125
1308813010.517	-0.53515625	0.046875	0.21484375
1308813010.527	-0.51171875	0.0234375	0.06640625
1308813010.537	-0.634765625	0.443359375	-0.150390625
1308813010.547	-0.8515625	0.59765625	0.203125
1308813010.557	-1.470703125	0.29296875	-0.208984375
1308813010.567	-1.462890625	0.3359375	-0.0234375
1308813010.577	-1.0625	0.23828125	0.044921875
1308813010.587	-0.640625	0.19921875	-0.07421875
1308813010.597	-0.49609375	0.203125	0.05859375
1308813010.607	-0.451171875	0.14453125	-0.01171875
1308813010.617	-0.53515625	0.123046875	0.03125
1308813010.627	-0.685546875	0.197265625	-0.02734375
1308813010.637	-0.75	0.2109375	0.009765625
1308813010.647	-0.876953125	0.17578125	-0.0234375
1308813010.657	-0.880859375	0.17578125	-0.00390625
1308813010.667	-0.740234375	0.201171875	0.025390625
1308813010.677	-0.701171875	0.177734375	0.0
1308813010.687	-0.642578125	0.189453125	0.01171875
1308813010.697	-0.76953125	0.19140625	-0.013671875
1308813010.707	-0.806640625	0.18359375	-0.017578125
1308813010.717	-0.744140625	0.1875	-0.00390625
1308813010.727	-0.6953125	0.18359375	-0.00390625
1308813010.737	-0.701171875	0.19140625	0.013671875
1308813010.747	-0.720703125	0.1875	0.013671875
1308813010.757	-0.78125	0.185546875	0.0078125
1308813010.767	-0.75	0.181640625	-0.0078125
1308813010.777	-0.744140625	0.1796875	0.01171875
1308813010.787	-0.716796875	0.18359375	-0.009765625
1308813010.797	-0.73046875	0.197265625	-0.009765625
1308813010.808	-0.693359375	0.20703125	-0.03515625
1308813010.817	-0.755859375	0.10546875	0.0625
1308813010.827	-0.74609375	0.185546875	0.021484375
1308813010.837	-0.76953125	0.18359375	0.015625
1308813010.847	-0.712890625	0.220703125	-0.00390625
1308813010.857	-0.736328125	0.154296875	-0.0390625
1308813010.867	-0.734375	0.1640625	0.00390625
1308813010.877	-0.7890625	0.20703125	0.015625
1308813010.887	-0.76171875	0.224609375	0.013671875
1308813010.897	-0.806640625	0.203125	0.02734375
1308813010.907	-0.767578125	0.19921875	0.02734375
1308813010.917	-0.810546875	0.216796875	0.0703125
1308813010.927	-0.7890625	0.25390625	0.025390625
1308813010.937	-0.8359375	0.251953125	-0.099609375
1308813010.947	-0.849609375	0.341796875	-0.12109375
1308813010.957	-0.873046875	0.24609375	-0.009765625
1308813010.967	-0.822265625	0.25	-0.03515625
1308813010.977	-0.791015625	0.310546875	-0.12109375
1308813010.987	-0.76953125	0.232421875	-0.001953125
1308813010.997	-0.76171875	0.138671875	0.02734375
1308813011.007	-0.732421875	0.185546875	0.072265625
1308813011.017	-0.734375	0.158203125	0.0703125
1308813011.027	-0.71484375	0.177734375	0.046875
1308813011.037	-0.72265625	0.205078125	0.021484375
1308813011.047	-0.755859375	0.171875	0.01953125
1308813011.057	-0.74609375	0.154296875	0.044921875
1308813011.067	-0.744140625	0.173828125	0.02734375
1308813011.077	-0.74609375	0.17578125	0.037109375
1308813011.087	-0.78125	0.22265625	0.0390625
1308813011.097	-0.8046875	0.2109375	0.03515625
1308813011.107	-0.7890625	0.15234375	0.03125
1308813011.117	-0.8203125	0.19140625	0.056640625
1308813011.127	-0.78515625	0.21875	0.0546875
1308813011.137	-0.76171875	0.248046875	0.01171875
1308813011.147	-0.73828125	0.24609375	0.00390625
1308813011.157	-0.73046875	0.220703125	0.001953125
1308813011.167	-0.6953125	0.21875	-0.005859375
1308813011.177	-0.6953125	0.25	-0.0078125
1308813011.187	-0.689453125	0.20703125	0.009765625
1308813011.197	-0.6796875	0.23046875	0.0234375
1308813011.207	-0.701171875	0.224609375	0.033203125
1308813011.217	-0.693359375	0.20703125	0.015625
1308813011.227	-0.701171875	0.236328125	-0.00390625
1308813011.237	-0.703125	0.2578125	-0.021484375
1308813011.247	-0.693359375	0.234375	-0.017578125
1308813011.257	-0.7109375	0.234375	0.013671875
1308813011.267	-0.693359375	0.23828125	0.03125
1308813011.277	-0.7265625	0.271484375	0.029296875
1308813011.287	-0.748046875	0.23046875	0.005859375
1308813011.297	-0.728515625	0.205078125	0.017578125
1308813011.307	-0.7578125	0.234375	0.029296875
1308813011.317	-0.759765625	0.232421875	0.013671875
1308813011.327	-0.7265625	0.248046875	0.03125
1308813011.337	-0.685546875	0.279296875	-0.0078125
1308813011.347	-0.66015625	0.27734375	-0.009765625
1308813011.357	-0.654296875	0.28125	-0.005859375
1308813011.367	-0.6328125	0.287109375	0.00390625
1308813011.377	-0.630859375	0.255859375	-0.009765625
1308813011.387	-0.62109375	0.232421875	0.0234375
1308813011.397	-0.6171875	0.22265625	0.001953125
1308813011.407	-0.609375	0.26171875	0.01171875
1308813011.417	-0.615234375	0.23828125	0.041015625
1308813011.427	-0.662109375	0.228515625	0.0703125
1308813011.437	-0.681640625	0.224609375	0.08203125
1308813011.447	-0.716796875	0.1953125	0.1015625
1308813011.457	-0.720703125	0.203125	0.087890625
1308813011.467	-0.705078125	0.212890625	0.07421875
1308813011.477	-0.7109375	0.263671875	-0.00390625
1308813011.487	-0.70703125	0.25390625	0.02734375
1308813011.497	-0.70703125	0.328125	-0.02734375
1308813011.507	-0.689453125	0.3203125	-0.02734375
1308813011.517	-0.697265625	0.18359375	0.103515625
1308813011.527	-0.693359375	0.052734375	0.19921875
1308813011.537	-0.6953125	0.037109375	0.173828125
1308813011.547	-0.587890625	-0.115234375	0.109375
1308813011.557	-0.517578125	0.224609375	-0.080078125
1308813011.567	-0.48046875	0.22265625	-0.224609375
1308813011.577	-0.48046875	0.30078125	0.017578125
1308813011.587	-0.5078125	0.197265625	0.041015625
1308813011.597	-0.498046875	0.15625	-0.11328125
1308813011.607	-0.525390625	0.068359375	-0.08203125
1308813011.617	-0.515625	0.076171875	0.033203125
1308813011.627	-0.517578125	0.16015625	-0.017578125
1308813011.637	-0.525390625	0.107421875	-0.0390625
1308813011.647	-0.546875	0.06640625	0.095703125
1308813011.657	-0.53515625	0.08984375	0.021484375
1308813011.667	-0.53515625	0.10546875	-0.087890625
1308813011.677	-0.55859375	0.056640625	-0.017578125
1308813011.687	-0.556640625	0.017578125	0.08984375
1308813011.697	-0.5625	0.0703125	0.03125
1308813011.707	-0.5703125	0.080078125	-0.064453125
1308813011.717	-0.56640625	0.052734375	0.044921875
1308813011.727	-1.21484375	3.275390625	-0.087890625
1308813011.737	-5.775390625	0.267578125	0.392578125
1308813011.747	-0.037109375	0.0078125	-0.1796875
1308813011.757	-1.2890625	0.720703125	0.3125
1308813011.767	-1.26953125	1.146484375	-0.263671875
1308813011.777	0.322265625	-0.51171875	-0.185546875
1308813011.787	-0.6640625	-0.12890625	0.26171875
1308813011.797	-0.447265625	0.412109375	0.10546875
1308813011.807	-0.20703125	-0.228515625	-0.18359375
1308813011.817	-0.623046875	0.203125	-0.328125
